date,Brazil_EWZ,India_INDA,China_FXI,SouthAfrica_EZA,Mexico_EWW,Indonesia_EIDO,USD_Index,Oil_Brent,US_10Y_Yield,Fed_Funds,VIX,Copper
2022-07-08,27.54,40.2,33.62,42.44,45.96,21.82,107.007,107.02,3.080290794,1.75,24.64,7795.0
2022-07-09,27.54,40.2,33.62,42.44,45.96,21.82,107.007,107.02,3.080290794,1.75,24.64,7795.0
2022-07-10,27.54,40.2,33.62,42.44,45.96,21.82,107.007,107.02,3.080290794,1.75,24.64,7795.0
2022-07-11,26.45,40.08,32.17,41.33,45.19,21.67,108.021,107.1,2.99277997,1.75,26.17,7572.25
2022-07-12,26.14,39.97,31.98,41.2,45.14,21.75,108.072,99.49,2.968713045,1.75,27.29,7335.0
2022-07-13,26.25,39.53,31.74,40.75,45.12,21.46,107.957,99.57,2.933613777,1.75,26.82,7310.5
2022-07-14,25.58,39.68,31.29,39.32,44.4,21.48,108.544,99.1,2.959497213,1.75,26.4,7160.0
2022-07-15,25.93,40.21,31.03,39.96,45.45,21.62,108.063,101.16,2.915207863,1.75,24.23,7178.25
2022-07-16,25.93,40.21,31.03,39.96,45.45,21.62,108.063,101.16,2.915207863,1.75,24.23,7178.25
2022-07-17,25.93,40.21,31.03,39.96,45.45,21.62,108.063,101.16,2.915207863,1.75,24.23,7178.25
2022-07-18,25.96,40.0,31.63,40.25,45.56,21.64,107.366,106.27,2.985531569,1.75,25.3,7411.0
2022-07-19,26.26,40.74,31.95,40.89,45.66,22.12,106.682,107.35,3.020903587,1.75,24.5,7254.5
2022-07-20,25.99,40.31,31.75,40.66,45.48,22.46,107.076,106.92,3.026530266,1.75,23.88,7358.0
2022-07-21,26.02,41.29,32.01,41.55,45.35,22.48,106.91,103.86,2.874718904,1.75,23.11,7304.0
2022-07-22,26.05,41.12,31.3,41.68,45.55,22.5,106.73,103.2,2.75038147,1.75,23.03,7433.0
2022-07-23,26.05,41.12,31.3,41.68,45.55,22.5,106.73,103.2,2.75038147,1.75,23.03,7433.0
2022-07-24,26.05,41.12,31.3,41.68,45.55,22.5,106.73,103.2,2.75038147,1.75,23.03,7433.0
2022-07-25,27.08,41.07,31.56,41.64,45.7,22.6,106.483,105.15,2.795897007,1.75,23.36,7463.75
2022-07-26,27.07,40.51,31.45,41.51,45.21,22.49,107.189,104.4,2.806840658,1.75,24.69,7520.25
2022-07-27,28.02,41.37,31.81,42.47,45.71,22.82,106.452,106.62,2.784901619,2.5,23.24,7627.25
2022-07-28,28.83,42.04,31.4,42.87,46.91,23.11,106.351,107.14,2.67593956,2.5,22.33,7765.75
2022-07-29,29.02,42.675,30.38,42.45,46.8,23.11,105.903,110.01,2.648717403,2.5,21.33,7931.25
2022-07-30,29.02,42.675,30.38,42.45,46.8,23.11,105.903,110.01,2.648717403,2.5,21.33,7931.25
2022-07-31,29.02,42.675,30.38,42.45,46.8,23.11,105.903,110.01,2.648717403,2.5,21.33,7931.25
2022-08-01,28.67,42.99,29.97,42.31,46.05,23.23,105.45,100.03,2.573210239,2.5,22.84,7821.25
2022-08-02,28.47,43.28,29.76,40.99,44.6,23.14,106.241,100.54,2.748280048,2.5,23.93,7808.75
2022-08-03,28.5,43.25,30.01,41.9,45.5,23.38,106.506,96.78,2.704625845,2.5,21.95,7671.75
2022-08-04,29.31,43.05,30.48,42.15,45.83,23.47,105.693,94.12,2.688269138,2.5,21.44,7720.2
2022-08-05,29.75,42.81,30.14,42.44,45.34,23.46,106.621,94.92,2.826821804,2.5,21.15,7862.5
2022-08-06,29.75,42.81,30.14,42.44,45.34,23.46,106.621,94.92,2.826821804,2.5,21.15,7862.5
2022-08-07,29.75,42.81,30.14,42.44,45.34,23.46,106.621,94.92,2.826821804,2.5,21.15,7862.5
2022-08-08,30.67,43.11,29.87,43.51,46.39,23.71,106.435,96.65,2.757215261,2.5,21.29,7986.75
2022-08-09,30.72,42.94,29.68,43.33,46.29,23.8,106.374,96.31,2.777288914,2.5,21.77,7980.5
2022-08-10,31.41,43.75,29.53,44.68,47.16,24.0,105.196,97.4,2.780925035,2.5,19.74,8080.98
2022-08-11,30.85,43.26,30.07,45.08,47.8,24.1,105.09,99.6,2.887568235,2.5,20.2,8165.5
2022-08-12,31.99,43.71,30.24,45.95,48.66,24.24,105.631,98.15,2.831228256,2.5,19.53,8085.0
2022-08-13,31.99,43.71,30.24,45.95,48.66,24.24,105.631,98.15,2.831228256,2.5,19.53,8085.0
2022-08-14,31.99,43.71,30.24,45.95,48.66,24.24,105.631,98.15,2.831228256,2.5,19.53,8085.0
2022-08-15,32.02,43.7,30.08,44.91,48.41,23.93,106.546,95.1,2.787828207,2.5,19.95,7972.0
2022-08-16,31.9,44.09,29.73,45.46,48.45,23.98,106.5,92.34,2.804093122,2.5,19.69,7975.0
2022-08-17,31.77,44.09,29.67,44.3,48.14,23.84,106.574,93.65,2.896770477,2.5,19.9,7925.25
2022-08-18,31.86,43.99,29.35,43.46,47.85,23.86,107.484,96.59,2.882202864,2.5,19.56,8045.25
2022-08-19,31.17,43.3,29.18,41.94,47.5,23.61,108.169,96.72,2.972076654,2.5,20.6,8100.85
2022-08-20,31.17,43.3,29.18,41.94,47.5,23.61,108.169,96.72,2.972076654,2.5,20.6,8100.85
2022-08-21,31.17,43.3,29.18,41.94,47.5,23.61,108.169,96.72,2.972076654,2.5,20.6,8100.85
2022-08-22,30.97,42.7,29.4,41.9,47.07,23.35,109.046,96.48,3.014559269,2.5,23.8,8076.1
2022-08-23,32.1,43.15,29.35,42.15,47.37,23.76,108.624,100.22,3.046103716,2.5,24.11,8170.75
2022-08-24,32.06,43.36,29.48,42.18,47.12,23.92,108.677,101.22,3.103853226,2.5,22.82,8058.25
2022-08-25,32.21,43.16,30.96,43.62,47.63,23.93,108.47,99.34,3.025836945,2.5,21.78,8167.0
2022-08-26,32.01,42.61,30.7,42.6,46.54,23.56,108.803,100.99,3.040855169,2.5,25.56,8188.25
2022-08-27,32.01,42.61,30.7,42.6,46.54,23.56,108.803,100.99,3.040855169,2.5,25.56,8188.25
2022-08-28,32.01,42.61,30.7,42.6,46.54,23.56,108.803,100.99,3.040855169,2.5,25.56,8188.25
2022-08-29,32.29,42.69,30.42,42.49,45.92,23.61,108.835,105.09,3.102375031,2.5,26.21,8188.25
2022-08-30,31.22,43.26,29.6,41.15,45.17,23.72,108.773,99.31,3.102452993,2.5,26.21,7893.0
2022-08-31,30.52,43.02,30.21,39.84,44.25,23.76,108.7,96.49,3.192634106,2.5,25.87,7845.5
2022-09-01,30.46,43.3,29.87,39.68,44.68,23.97,109.691,92.36,3.253262997,2.5,25.56,7652.0
2022-09-02,30.87,42.87,29.26,39.62,45.58,24.04,109.534,93.02,3.189357281,2.5,25.47,7691.0
2022-09-03,30.87,42.87,29.26,39.62,45.58,24.04,109.534,93.02,3.189357281,2.5,25.47,7691.0
2022-09-04,30.87,42.87,29.26,39.62,45.58,24.04,109.534,93.02,3.189357281,2.5,25.47,7691.0
2022-09-05,30.87,42.87,29.26,39.62,45.58,24.04,109.534,95.74,3.189357281,2.5,25.99,7731.0
2022-09-06,30.25,42.91,28.68,40.0,45.0,24.13,110.214,92.82999,3.349249601,2.5,26.91,7751.0
2022-09-07,30.53,43.61,29.03,40.08,45.49,24.05,109.84,88.0,3.263451099,2.5,24.64,7698.5
2022-09-08,30.5,43.79,28.66,39.68,45.88,24.22,109.707,89.15,3.316966057,2.5,23.61,7919.0
2022-09-09,31.49,43.77,29.37,41.0,46.66,24.37,109.003,92.84,3.309704065,2.5,22.79,7924.0
2022-09-10,31.49,43.77,29.37,41.0,46.66,24.37,109.003,92.84,3.309704065,2.5,22.79,7924.0
2022-09-11,31.49,43.77,29.37,41.0,46.66,24.37,109.003,92.84,3.309704065,2.5,22.79,7924.0
2022-09-12,32.16,44.42,29.75,41.92,47.75,24.59,108.33,94.0,3.357755899,2.5,23.87,8079.5
2022-09-13,30.82,43.5,28.5,39.78,46.31,24.33,109.815,93.17,3.407987595,2.5,27.27,7994.25
2022-09-14,30.85,44.075,28.53,39.97,46.46,24.67,109.658,94.1,3.404276371,2.5,26.16,7893.5
2022-09-15,30.33,43.61,28.42,39.47,46.2,24.75,109.739,90.84,3.448949337,2.5,26.27,7848.75
2022-09-16,30.0,43.13,27.99,38.58,45.96,24.27,109.764,91.35,3.449434519,2.5,26.3,7869.0
2022-09-17,30.0,43.13,27.99,38.58,45.96,24.27,109.764,91.35,3.449434519,2.5,26.3,7869.0
2022-09-18,30.0,43.13,27.99,38.58,45.96,24.27,109.764,91.35,3.449434519,2.5,26.3,7869.0
2022-09-19,31.27,43.56,28.09,38.65,46.6,24.61,109.737,92.0,3.490455866,2.5,25.76,7826.5
2022-09-20,31.51,43.42,27.87,38.54,46.87,24.29,110.215,90.62,3.563034534,2.5,27.16,7826.0
2022-09-21,31.24,42.93,27.13,38.19,46.82,24.22,110.642,89.82999,3.529884338,3.25,27.99,7749.0
2022-09-22,32.2,42.49,26.97,38.27,46.3,24.34,111.353,90.46,3.71383667,3.25,27.35,7739.0
2022-09-23,30.74,41.58,26.61,36.59,44.92,23.94,113.192,86.15,3.684627295,3.25,29.92,7518.0
2022-09-24,30.74,41.58,26.61,36.59,44.92,23.94,113.192,86.15,3.684627295,3.25,29.92,7518.0
2022-09-25,30.74,41.58,26.61,36.59,44.92,23.94,113.192,86.15,3.684627295,3.25,29.92,7518.0
2022-09-26,29.29,40.83,26.77,36.06,43.81,23.77,114.103,84.06,3.92441988,3.25,32.26,7430.0
2022-09-27,29.17,40.72,26.53,36.56,44.22,23.59,114.106,86.27,3.94508934,3.25,32.6,7422.0
2022-09-28,29.31,41.36,26.82,37.4,45.27,23.87,112.604,89.32,3.731176615,3.25,30.18,7520.0
2022-09-29,28.97,40.46,25.95,36.47,44.84,23.45,112.254,88.49,3.785556316,3.25,31.84,7647.0
2022-09-30,29.63,40.78,25.86,36.04,44.23,23.32,112.117,87.96,3.828631401,3.25,31.62,7683.25
2022-10-01,29.63,40.78,25.86,36.04,44.23,23.32,112.117,87.96,3.828631401,3.25,31.62,7683.25
2022-10-02,29.63,40.78,25.86,36.04,44.23,23.32,112.117,87.96,3.828631401,3.25,31.62,7683.25
2022-10-03,32.55,40.97,25.97,37.07,45.26,23.56,111.745,88.86,3.638656616,3.25,30.1,7602.5
2022-10-04,32.68,41.72,27.02,38.81,46.0,24.05,110.065,91.8,3.632913828,3.25,29.07,7800.0
2022-10-05,32.82,41.62,27.22,38.15,45.37,23.67,111.208,93.37,3.752843857,3.25,28.55,7725.25
2022-10-06,32.86,41.08,27.01,37.9,45.76,23.57,112.258,94.42,3.823583603,3.25,30.52,7649.75
2022-10-07,32.46,40.395,26.37,37.44,45.43,23.14,112.795,97.92,3.881405592,3.25,31.36,7507.75
2022-10-08,32.46,40.395,26.37,37.44,45.43,23.14,112.795,97.92,3.881405592,3.25,31.36,7507.75
2022-10-09,32.46,40.395,26.37,37.44,45.43,23.14,112.795,97.92,3.881405592,3.25,31.36,7507.75
2022-10-10,32.45,40.85,25.57,37.32,45.41,23.16,113.144,96.18999,3.881405592,3.25,32.45,7637.75
2022-10-11,31.66,40.38,24.87,37.03,45.52,23.01,113.221,94.29,3.946995735,3.25,33.63,7661.25
2022-10-12,31.37,40.54,24.71,36.68,45.64,23.16,113.32,92.45,3.896199226,3.25,33.57,7636.0
2022-10-13,31.58,40.81,24.5,37.11,45.77,23.08,112.363,94.57,3.94346714,3.25,31.94,7665.5
2022-10-14,30.61,40.32,24.16,35.97,45.21,22.56,113.311,91.63,4.018362045,3.25,32.02,7652.75
2022-10-15,30.61,40.32,24.16,35.97,45.21,22.56,113.311,91.63,4.018362045,3.25,32.02,7652.75
2022-10-16,30.61,40.32,24.16,35.97,45.21,22.56,113.311,91.63,4.018362045,3.25,32.02,7652.75
2022-10-17,31.26,41.22,24.9,37.98,46.25,22.83,112.039,91.62,4.010408401,3.25,31.37,7642.5
2022-10-18,32.1,41.13,24.7,37.78,46.27,22.64,112.13,90.03,4.006582737,3.25,30.5,7483.0
2022-10-19,32.28,40.74,23.66,37.21,46.02,22.7,112.984,92.41,4.133505821,3.25,30.76,7455.75
2022-10-20,32.86,41.14,23.77,36.82,46.28,23.26,112.881,92.38,4.228271961,3.25,29.98,7645.5
2022-10-21,34.09,41.73,23.92,38.0,47.43,23.64,112.012,93.5,4.21668148,3.25,29.69,7719.24
2022-10-22,34.09,41.73,23.92,38.0,47.43,23.64,112.012,93.5,4.21668148,3.25,29.69,7719.24
2022-10-23,34.09,41.73,23.92,38.0,47.43,23.64,112.012,93.5,4.21668148,3.25,29.69,7719.24
2022-10-24,31.98,41.77,21.53,36.32,48.06,23.7,111.989,93.25999,4.242354393,3.25,29.85,7689.0
2022-10-25,31.44,41.85,21.94,37.19,49.04,23.69,110.95,93.52,4.102079868,3.25,28.46,7634.0
2022-10-26,30.7,42.27,22.76,38.79,49.43,23.65,109.7,95.68999,4.002788544,3.25,27.28,7886.0
2022-10-27,31.63,41.84,22.16,38.71,49.26,23.61,110.587,96.96,3.918731689,3.25,27.39,7838.25
2022-10-28,31.45,42.34,21.54,38.5,49.78,23.74,110.752,95.77,4.012263775,3.25,25.75,7619.0
2022-10-29,31.45,42.34,21.54,38.5,49.78,23.74,110.752,95.77,4.012263775,3.25,25.75,7619.0
2022-10-30,31.45,42.34,21.54,38.5,49.78,23.74,110.752,95.77,4.012263775,3.25,25.75,7619.0
2022-10-31,32.67,42.2,20.95,37.99,50.57,23.75,111.527,94.82999,4.047808647,3.25,25.88,7522.0
2022-11-01,33.15,42.42,21.84,38.38,51.59,23.61,111.481,94.65,4.041891575,3.25,25.81,7717.0
2022-11-02,32.17,41.92,21.94,38.1,50.72,23.16,111.345,96.16,4.100502014,4.0,25.86,7663.25
2022-11-03,33.05,42.17,22.16,37.55,51.33,23.15,112.93,94.67,4.146875858,4.0,25.3,7596.0
2022-11-04,33.87,43.06,23.84,40.73,52.82,23.7,110.877,98.57,4.158388138,4.0,24.55,8136.0
2022-11-05,33.87,43.06,23.84,40.73,52.82,23.7,110.877,98.57,4.158388138,4.0,24.55,8136.0
2022-11-06,33.87,43.06,23.84,40.73,52.82,23.7,110.877,98.57,4.158388138,4.0,24.55,8136.0
2022-11-07,32.36,43.11,23.96,40.99,52.45,23.72,110.12,97.92,4.213521481,4.0,24.35,7924.75
2022-11-08,32.67,43.46,23.94,41.36,52.31,23.56,109.636,95.36,4.12338829,4.0,25.54,8127.5
2022-11-09,31.68,42.83,22.96,40.73,51.88,23.31,110.549,92.65,4.092331886,4.0,26.09,8114.25
2022-11-10,29.61,44.01,24.36,43.26,53.13,23.77,108.206,93.67,3.812506199,4.0,23.53,8282.5
2022-11-11,30.64,44.03,25.45,43.85,53.61,23.75,106.292,95.99,3.812506199,4.0,22.52,8501.9
2022-11-12,30.64,44.03,25.45,43.85,53.61,23.75,106.292,95.99,3.812506199,4.0,22.52,8501.9
2022-11-13,30.64,44.03,25.45,43.85,53.61,23.75,106.292,95.99,3.812506199,4.0,22.52,8501.9
2022-11-14,30.81,43.48,25.59,43.29,53.58,23.37,106.66,93.14,3.853632212,4.0,23.73,8356.0
2022-11-15,30.92,43.66,26.91,43.33,53.6,23.36,106.404,93.86,3.769592524,4.0,24.54,8348.25
2022-11-16,29.73,43.12,26.31,43.32,53.66,22.76,106.281,92.86,3.689879417,4.0,24.11,8260.75
2022-11-17,29.48,42.94,26.93,43.53,53.32,22.92,106.694,89.78,3.765690804,4.0,23.93,8072.25
2022-11-18,29.47,42.93,26.09,43.45,53.35,23.19,106.93,87.62,3.82883811,4.0,23.12,8042.5
2022-11-19,29.47,42.93,26.09,43.45,53.35,23.19,106.93,87.62,3.82883811,4.0,23.12,8042.5
2022-11-20,29.47,42.93,26.09,43.45,53.35,23.19,106.93,87.62,3.82883811,4.0,23.12,8042.5
2022-11-21,30.12,42.61,25.69,43.02,53.03,22.95,107.835,87.45,3.826888084,4.0,22.36,7840.5
2022-11-22,29.47,42.9,25.44,43.6,53.7,23.22,107.222,88.36,3.75592947,4.0,21.29,7975.25
2022-11-23,29.6,42.84,25.77,44.74,54.27,23.24,106.076,85.41,3.692701817,4.0,20.35,7962.25
2022-11-24,29.6,42.84,25.77,44.74,54.27,23.24,106.076,85.34,3.692701817,4.0,20.42,8003.0
2022-11-25,29.58,43.27,25.33,44.21,54.0,23.13,105.959,83.63,3.677590609,4.0,20.5,7975.0
2022-11-26,29.58,43.27,25.33,44.21,54.0,23.13,105.959,83.63,3.677590609,4.0,20.5,7975.0
2022-11-27,29.58,43.27,25.33,44.21,54.0,23.13,105.959,83.63,3.677590609,4.0,20.5,7975.0
2022-11-28,29.65,43.18,25.55,43.78,53.41,23.28,106.681,83.18999,3.681175232,4.0,22.21,7935.25
2022-11-29,30.59,43.55,26.85,44.15,52.8,23.31,106.822,83.03,3.744106293,4.0,21.89,8036.0
2022-11-30,31.48,44.24,28.16,44.45,53.9,23.77,105.95,85.43,3.605422497,4.0,20.58,8226.75
2022-12-01,31.22,44.23,27.74,42.37,54.22,23.98,104.728,86.88,3.50480485,4.0,19.84,8311.5
2022-12-02,31.32,44.0,28.53,43.03,53.19,23.98,104.545,85.57,3.48617816,4.0,19.06,8432.5
2022-12-03,31.32,44.0,28.53,43.03,53.19,23.98,104.545,85.57,3.48617816,4.0,19.06,8432.5
2022-12-04,31.32,44.0,28.53,43.03,53.19,23.98,104.545,85.57,3.48617816,4.0,19.06,8432.5
2022-12-05,30.25,43.45,28.44,43.03,51.78,23.45,105.289,82.68,3.573596239,4.0,20.75,8348.5
2022-12-06,30.73,43.14,28.8,43.45,52.06,22.87,105.578,79.35,3.531400204,4.0,22.17,8384.75
2022-12-07,30.52,43.23,28.18,43.95,52.17,22.67,105.1,77.17,3.416880608,4.0,22.68,8430.0
2022-12-08,29.97,43.35,29.1,43.91,52.57,22.85,104.774,76.15,3.481930733,4.0,22.29,8524.75
2022-12-09,29.94,42.78,28.95,43.12,51.52,22.48,104.81,76.1,3.578301191,4.0,22.83,8507.0
2022-12-10,29.94,42.78,28.95,43.12,51.52,22.48,104.81,76.1,3.578301191,4.0,22.83,8507.0
2022-12-11,29.94,42.78,28.95,43.12,51.52,22.48,104.81,76.1,3.578301191,4.0,22.83,8507.0
2022-12-12,29.12,42.95,28.61,42.8,52.05,22.76,105.131,77.99,3.611268759,4.0,25.0,8329.25
2022-12-13,26.5,43.21,28.36,43.02,51.0,22.96,103.98,80.68,3.501194715,4.0,22.55,8449.25
2022-12-14,26.47,43.06,28.54,43.12,50.63,22.82,103.77,82.7,3.477370024,4.5,21.14,8478.25
2022-12-15,26.36,42.28,27.86,41.02,49.6,22.41,104.558,81.21,3.446329594,4.5,22.83,8253.0
2022-12-16,26.21,42.2,27.94,40.92,49.66,22.77,104.701,79.04,3.482216597,4.5,22.62,8234.0
2022-12-17,26.21,42.2,27.94,40.92,49.66,22.77,104.701,79.04,3.482216597,4.5,22.62,8234.0
2022-12-18,26.21,42.2,27.94,40.92,49.66,22.77,104.701,79.04,3.482216597,4.5,22.62,8234.0
2022-12-19,26.78,42.52,27.78,42.23,50.11,22.75,104.721,79.8,3.584604979,4.5,22.42,8303.25
2022-12-20,27.8,42.53,27.36,42.12,50.33,22.6,103.965,79.99,3.682482004,4.5,21.48,8333.75
2022-12-21,28.01,42.13,28.13,43.17,50.92,22.72,104.162,82.2,3.661952972,4.5,20.07,8369.5
2022-12-22,28.21,41.68,27.96,42.67,50.79,22.45,104.433,80.98,3.678550005,4.5,21.97,8290.5
2022-12-23,28.79,41.19,27.8,43.34,51.93,22.42,104.314,83.92,3.747153997,4.5,20.87,8328.0
2022-12-24,28.79,41.19,27.8,43.34,51.93,22.42,104.314,83.92,3.747153997,4.5,20.87,8328.0
2022-12-25,28.79,41.19,27.8,43.34,51.93,22.42,104.314,83.92,3.747153997,4.5,20.87,8328.0
2022-12-26,28.79,41.19,27.8,43.34,51.93,22.42,104.314,83.92,3.747153997,4.5,20.87,8328.0
2022-12-27,27.83,41.79,29.12,43.83,51.42,22.54,104.179,84.33,3.841105938,4.5,21.65,8328.0
2022-12-28,28.42,41.81,28.16,42.82,50.71,22.02,104.463,83.25999,3.882692575,4.5,22.14,8426.0
2022-12-29,28.16,42.23,29.01,43.63,50.47,22.42,103.836,82.25999,3.81453371,4.5,21.44,8409.5
2022-12-30,27.97,41.74,28.3,42.41,49.45,22.39,103.522,85.91,3.874789476,4.5,21.67,8364.76
2022-12-31,27.97,41.74,28.3,42.41,49.45,22.39,103.522,85.91,3.874789476,4.5,21.67,8364.76
2023-01-01,27.97,41.74,28.3,42.41,49.45,22.39,103.522,85.91,3.874789476,4.5,21.67,8364.76
2023-01-02,27.97,41.74,28.3,42.41,49.45,22.39,103.522,85.91,3.874789476,4.5,21.67,8364.76
2023-01-03,25.89,41.9,29.32,43.74,50.34,22.42,104.518,82.1,3.738916874,4.5,22.9,8307.0
2023-01-04,26.34,41.86,31.19,45.37,51.56,22.33,104.248,77.84,3.682738066,4.5,22.01,8236.0
2023-01-05,27.25,41.56,31.12,44.15,52.23,21.6,105.042,78.68999,3.718125582,4.5,22.46,8361.5
2023-01-06,28.3,42.08,31.2,45.2,53.7,21.98,103.879,78.57,3.558017015,4.5,21.13,8569.9
2023-01-07,28.3,42.08,31.2,45.2,53.7,21.98,103.879,78.57,3.558017015,4.5,21.13,8569.9
2023-01-08,28.3,42.08,31.2,45.2,53.7,21.98,103.879,78.57,3.558017015,4.5,21.13,8569.9
2023-01-09,28.09,42.165,31.2,45.74,54.15,21.9,103.001,79.65,3.53208971,4.5,21.97,8833.0
2023-01-10,28.82,42.16,31.59,45.9,54.49,21.72,103.236,80.1,3.618813515,4.5,20.58,8890.5
2023-01-11,29.48,42.19,31.91,46.33,55.69,21.72,103.188,82.67,3.539176226,4.5,21.09,9107.5
2023-01-12,29.73,42.46,31.64,47.34,56.49,22.3,102.246,84.03,3.440003395,4.5,18.83,9169.05
2023-01-13,29.51,42.46,32.09,47.67,56.68,22.32,102.204,85.28,3.503501892,4.5,18.35,9168.55
2023-01-14,29.51,42.46,32.09,47.67,56.68,22.32,102.204,85.28,3.503501892,4.5,18.35,9168.55
2023-01-15,29.51,42.46,32.09,47.67,56.68,22.32,102.204,85.28,3.503501892,4.5,18.35,9168.55
2023-01-16,29.51,42.46,32.09,47.67,56.68,22.32,102.204,84.46,3.503501892,4.5,19.49,9088.19
2023-01-17,29.6,42.47,31.39,45.83,56.55,22.64,102.39,85.92,3.547576189,4.5,19.36,9282.99
2023-01-18,29.37,42.46,31.08,45.71,56.05,22.63,102.363,84.98,3.369810343,4.5,20.34,9326.0
2023-01-19,29.52,42.51,31.7,45.53,56.01,22.8,102.058,86.16,3.391451597,4.5,20.52,9301.0
2023-01-20,29.18,42.68,32.49,46.17,56.87,23.13,102.012,87.63,3.478725195,4.5,19.85,9307.76
2023-01-21,29.18,42.68,32.49,46.17,56.87,23.13,102.012,87.63,3.478725195,4.5,19.85,9307.76
2023-01-22,29.18,42.68,32.49,46.17,56.87,23.13,102.012,87.63,3.478725195,4.5,19.85,9307.76
2023-01-23,29.18,42.52,32.85,46.21,57.64,23.26,102.138,88.18999,3.509849072,4.5,19.81,9330.77
2023-01-24,29.72,42.13,32.79,46.3,58.03,23.1,101.918,86.13,3.452730894,4.5,19.2,9291.01
2023-01-25,30.48,41.76,32.86,46.34,58.13,23.05,101.641,86.12,3.441579819,4.5,19.08,9289.5
2023-01-26,30.59,41.92,33.29,46.5,58.46,23.34,101.839,87.47,3.494678259,4.5,18.73,9306.5
2023-01-27,29.82,40.85,33.23,46.1,58.05,23.55,101.927,86.66,3.503453255,4.5,18.51,9242.24
2023-01-28,29.82,40.85,33.23,46.1,58.05,23.55,101.927,86.66,3.503453255,4.5,18.51,9242.24
2023-01-29,29.82,40.85,33.23,46.1,58.05,23.55,101.927,86.66,3.503453255,4.5,18.51,9242.24
2023-01-30,29.65,40.78,32.0,45.11,57.62,23.31,102.276,84.9,3.536560535,4.5,19.94,9188.35
2023-01-31,30.34,40.99,31.8,45.17,57.65,23.23,102.097,84.49,3.506853819,4.5,19.4,9199.55
2023-02-01,29.99,40.17,32.51,46.32,58.94,23.6,101.217,82.84,3.41664505,4.75,17.87,9060.5
2023-02-02,29.46,40.19,31.87,46.56,57.61,23.54,101.75,82.17,3.392709017,4.75,18.73,9028.25
2023-02-03,28.62,40.06,31.09,45.15,56.96,23.43,102.915,79.93999,3.524627447,4.75,18.33,8951.25
2023-02-04,28.62,40.06,31.09,45.15,56.96,23.43,102.915,79.93999,3.524627447,4.75,18.33,8951.25
2023-02-05,28.62,40.06,31.09,45.15,56.96,23.43,102.915,79.93999,3.524627447,4.75,18.33,8951.25
2023-02-06,28.51,40.01,30.62,44.41,56.45,23.16,103.621,80.99,3.639897108,4.75,19.43,8838.0
2023-02-07,28.09,39.94,30.88,44.63,56.29,23.48,103.427,83.68999,3.673535347,4.75,18.66,8893.0
2023-02-08,28.55,40.53,30.45,44.11,55.85,23.5,103.409,85.09,3.609754086,4.75,19.63,8863.75
2023-02-09,27.81,40.27,31.02,43.78,56.09,23.44,103.221,84.5,3.657898664,4.75,20.71,8952.24
2023-02-10,28.1,40.34,30.14,43.16,56.31,23.4,103.63,86.39,3.732042789,4.75,20.53,8828.76
2023-02-11,28.1,40.34,30.14,43.16,56.31,23.4,103.63,86.39,3.732042789,4.75,20.53,8828.76
2023-02-12,28.1,40.34,30.14,43.16,56.31,23.4,103.63,86.39,3.732042789,4.75,20.53,8828.76
2023-02-13,28.55,40.07,30.64,43.77,57.08,23.39,103.345,86.61,3.701559782,4.75,20.34,8916.5
2023-02-14,28.31,40.06,30.36,43.88,57.1,23.51,103.233,85.58,3.743497372,4.75,18.91,8921.0
2023-02-15,28.53,40.48,30.12,43.29,57.44,23.4,103.923,85.38,3.804863691,4.75,18.23,8826.75
2023-02-16,28.64,40.46,30.14,42.99,58.3,23.29,103.856,85.14,3.860825777,4.75,20.17,8991.5
2023-02-17,28.69,40.32,29.53,42.72,58.54,23.18,103.862,83.0,3.814787865,4.75,20.02,8950.25
2023-02-18,28.69,40.32,29.53,42.72,58.54,23.18,103.862,83.0,3.814787865,4.75,20.02,8950.25
2023-02-19,28.69,40.32,29.53,42.72,58.54,23.18,103.862,83.0,3.814787865,4.75,20.02,8950.25
2023-02-20,28.69,40.32,29.53,42.72,58.54,23.18,103.862,84.07,3.814787865,4.75,21.23,9115.5
2023-02-21,28.21,39.87,29.19,41.56,57.43,23.07,104.176,83.05,3.952543259,4.75,22.87,9183.5
2023-02-22,28.2,39.33,28.94,41.35,57.86,22.9,104.585,80.6,3.915600538,4.75,22.29,9103.0
2023-02-23,28.55,39.4,28.78,41.87,57.74,23.0,104.598,82.21,3.876834631,4.75,21.14,8884.99
2023-02-24,27.69,38.99,27.91,40.72,57.21,22.88,105.214,83.16,3.943246126,4.75,21.67,8689.0
2023-02-25,27.69,38.99,27.91,40.72,57.21,22.88,105.214,83.16,3.943246126,4.75,21.67,8689.0
2023-02-26,27.69,38.99,27.91,40.72,57.21,22.88,105.214,83.16,3.943246126,4.75,21.67,8689.0
2023-02-27,27.64,38.99,28.28,40.9,57.55,23.05,104.673,82.45,3.914082527,4.75,20.95,8783.0
2023-02-28,27.27,38.8,27.96,40.98,57.64,22.91,104.869,83.89,3.92001462,4.75,20.7,8951.0
2023-03-01,27.49,39.21,29.12,42.27,59.1,22.8,104.483,84.31,3.992491961,4.75,20.58,9084.0
2023-03-02,27.06,39.35,29.65,41.82,58.76,22.82,105.027,84.75,4.05562973,4.75,19.59,8928.1
2023-03-03,27.25,40.09,29.61,42.18,60.31,22.61,104.521,85.83,3.951724291,4.75,18.49,8954.5
2023-03-04,27.25,40.09,29.61,42.18,60.31,22.61,104.521,85.83,3.951724291,4.75,18.49,8954.5
2023-03-05,27.25,40.09,29.61,42.18,60.31,22.61,104.521,85.83,3.951724291,4.75,18.49,8954.5
2023-03-06,27.68,40.19,29.28,41.9,59.8,22.42,104.35,86.18,3.957695007,4.75,18.61,8893.25
2023-03-07,27.34,39.86,28.75,40.66,58.5,22.11,105.615,83.29,3.963671684,4.75,19.59,8737.5
2023-03-08,28.19,40.23,28.44,40.49,59.41,22.23,105.658,82.66,3.991259575,4.75,19.11,8886.0
2023-03-09,27.71,39.59,27.39,39.98,58.39,22.2,105.309,81.59,3.903245449,4.75,22.61,8832.3
2023-03-10,27.02,39.34,27.37,40.55,56.98,22.11,104.576,82.78,3.698710918,4.75,24.8,8847.0
2023-03-11,27.02,39.34,27.37,40.55,56.98,22.11,104.576,82.78,3.698710918,4.75,24.8,8847.0
2023-03-12,27.02,39.34,27.37,40.55,56.98,22.11,104.576,82.78,3.698710918,4.75,24.8,8847.0
2023-03-13,26.6,38.72,27.54,40.42,55.54,22.14,103.595,80.77,3.573229313,4.75,26.52,8918.25
2023-03-14,26.65,38.87,27.72,40.36,56.6,21.96,103.597,77.45,3.689223528,4.75,23.73,8809.0
2023-03-15,26.3,38.04,27.33,39.05,54.78,21.6,104.646,73.68999,3.454786301,4.75,26.14,8480.75
2023-03-16,26.85,38.7,27.68,39.38,55.91,21.76,104.418,74.7,3.577043295,4.75,22.99,8508.75
2023-03-17,26.38,38.38,27.61,39.19,54.59,22.0,103.708,72.97,3.428552389,4.75,25.51,8573.25
2023-03-18,26.38,38.38,27.61,39.19,54.59,22.0,103.708,72.97,3.428552389,4.75,25.51,8573.25
2023-03-19,26.38,38.38,27.61,39.19,54.59,22.0,103.708,72.97,3.428552389,4.75,25.51,8573.25
2023-03-20,26.19,38.55,27.59,39.15,55.18,22.05,103.281,73.79,3.484693289,4.75,24.15,8701.25
2023-03-21,26.25,38.63,27.98,39.29,56.23,22.37,103.256,75.32,3.609356642,4.75,21.38,8761.0
2023-03-22,26.1,38.53,28.07,40.2,56.32,22.45,102.346,76.68999,3.434089184,5.0,22.26,8900.5
2023-03-23,25.26,38.72,28.95,40.92,56.55,22.58,102.532,75.91,3.426593304,5.0,22.61,9033.0
2023-03-24,25.67,38.55,28.83,40.95,57.04,22.89,103.116,74.99,3.376176119,5.0,21.74,8911.75
2023-03-25,25.67,38.55,28.83,40.95,57.04,22.89,103.116,74.99,3.376176119,5.0,21.74,8911.75
2023-03-26,25.67,38.55,28.83,40.95,57.04,22.89,103.116,74.99,3.376176119,5.0,21.74,8911.75
2023-03-27,26.08,38.65,28.24,40.81,57.53,22.96,102.857,78.12,3.529851913,5.0,20.6,8951.25
2023-03-28,26.68,38.4,29.4,42.0,58.34,23.2,102.43,78.65,3.569597006,5.0,19.97,8968.25
2023-03-29,27.01,38.66,29.41,41.84,59.29,23.63,102.64,78.28,3.563919544,5.0,19.12,9008.75
2023-03-30,27.67,38.84,29.91,42.7,59.55,23.51,102.144,79.27,3.548771858,5.0,19.02,9003.25
2023-03-31,27.38,39.36,29.53,42.22,59.53,23.53,102.506,79.77,3.467642069,5.0,18.7,9003.5
2023-04-01,27.38,39.36,29.53,42.22,59.53,23.53,102.506,79.77,3.467642069,5.0,18.7,9003.5
2023-04-02,27.38,39.36,29.53,42.22,59.53,23.53,102.506,79.77,3.467642069,5.0,18.7,9003.5
2023-04-03,27.29,39.49,29.4,42.73,59.27,23.75,102.093,84.93,3.411374807,5.0,18.55,8917.0
2023-04-04,27.32,39.6,29.27,43.33,59.49,23.62,101.586,84.93999,3.338654518,5.0,19.0,8740.25
2023-04-05,27.21,39.69,28.93,42.52,58.07,23.44,101.852,84.99,3.310781479,5.0,19.08,8784.75
2023-04-06,27.09,39.95,29.29,42.48,58.63,23.62,101.822,85.12,3.305024862,5.0,18.4,8806.75
2023-04-07,27.09,39.95,29.29,42.48,58.63,23.62,102.092,85.12,3.390614986,5.0,18.4,8806.75
2023-04-08,27.09,39.95,29.29,42.48,58.63,23.62,102.092,85.12,3.390614986,5.0,18.4,8806.75
2023-04-09,27.09,39.95,29.29,42.48,58.63,23.62,102.092,85.12,3.390614986,5.0,18.4,8806.75
2023-04-10,27.35,39.93,29.19,41.89,59.09,23.49,102.578,84.18,3.416820288,5.0,18.97,8806.75
2023-04-11,28.8,40.07,29.21,42.23,59.47,23.7,102.204,85.61,3.426174164,5.0,19.1,8851.5
2023-04-12,29.39,40.2,28.41,41.93,59.61,23.8,101.5,87.33,3.390556097,5.0,19.09,8916.8
2023-04-13,29.32,40.35,29.07,43.65,60.43,24.24,101.011,86.09,3.44492054,5.0,17.8,9065.75
2023-04-14,29.36,40.16,28.71,43.34,59.85,24.19,101.552,86.31,3.512840748,5.0,17.07,9030.25
2023-04-15,29.36,40.16,28.71,43.34,59.85,24.19,101.552,86.31,3.512840748,5.0,17.07,9030.25
2023-04-16,29.36,40.16,28.71,43.34,59.85,24.19,101.552,86.31,3.512840748,5.0,17.07,9030.25
2023-04-17,29.21,40.02,29.49,42.83,60.32,23.86,102.103,84.75999,3.600361586,5.0,16.95,8962.95
2023-04-18,29.01,39.94,29.37,43.34,59.71,23.98,101.745,84.77,3.575567245,5.0,16.83,9004.4
2023-04-19,27.77,39.81,29.01,43.09,59.64,23.76,101.968,83.12,3.590849161,5.0,16.46,8947.75
2023-04-20,27.99,39.86,28.82,43.38,59.98,23.88,101.84,81.1,3.531817675,5.0,17.17,8865.25
2023-04-21,27.7,39.88,28.4,43.06,59.95,23.8,101.822,81.66,3.571825027,5.0,16.77,8778.5
2023-04-22,27.7,39.88,28.4,43.06,59.95,23.8,101.822,81.66,3.571825027,5.0,16.77,8778.5
2023-04-23,27.7,39.88,28.4,43.06,59.95,23.8,101.822,81.66,3.571825027,5.0,16.77,8778.5
2023-04-24,28.01,40.19,28.11,42.76,60.37,23.81,101.348,82.73,3.49009347,5.0,16.89,8710.0
2023-04-25,27.61,40.01,27.35,42.02,59.58,23.72,101.863,80.77,3.399566412,5.0,18.76,8506.0
2023-04-26,27.44,40.26,27.8,42.24,58.92,24.26,101.467,77.68999,3.448487282,5.0,18.84,8535.25
2023-04-27,28.0,40.75,28.19,42.9,59.81,24.71,101.503,78.37,3.520443439,5.0,17.03,8569.5
2023-04-28,28.27,41.12,28.33,42.95,60.88,24.75,101.659,79.54,3.422021151,5.0,15.78,8577.0
2023-04-29,28.27,41.12,28.33,42.95,60.88,24.75,101.659,79.54,3.422021151,5.0,15.78,8577.0
2023-04-30,28.27,41.12,28.33,42.95,60.88,24.75,101.659,79.54,3.422021151,5.0,15.78,8577.0
2023-05-01,28.04,41.12,28.22,42.66,61.08,24.68,102.151,79.31,3.568121195,5.0,16.08,8577.0
2023-05-02,27.33,41.06,27.69,42.23,60.73,24.25,101.958,75.32,3.423866034,5.0,17.78,8490.0
2023-05-03,27.59,40.92,27.56,42.41,60.76,24.14,101.343,72.33,3.335592985,5.25,18.34,8442.75
2023-05-04,27.67,41.26,28.3,41.96,60.57,24.16,101.399,72.5,3.378657818,5.25,20.09,8474.4
2023-05-05,28.76,41.4,28.67,42.41,61.25,24.29,101.214,75.3,3.436990261,5.25,17.19,8560.25
2023-05-06,28.76,41.4,28.67,42.41,61.25,24.29,101.214,75.3,3.436990261,5.25,17.19,8560.25
2023-05-07,28.76,41.4,28.67,42.41,61.25,24.29,101.214,75.3,3.436990261,5.25,17.19,8560.25
2023-05-08,28.66,41.53,28.89,42.44,61.29,24.02,101.377,77.00999,3.50715065,5.25,16.98,8560.25
2023-05-09,29.04,41.47,28.44,41.24,61.86,24.05,101.605,77.43999,3.518578768,5.25,17.71,8562.25
2023-05-10,29.35,41.71,28.24,40.77,62.89,24.23,101.477,76.41,3.442618132,5.25,16.94,8436.25
2023-05-11,29.56,41.46,28.54,39.12,62.21,23.8,102.058,74.98,3.384274244,5.25,16.93,8133.2
2023-05-12,29.8,41.32,27.79,39.19,62.12,23.56,102.681,74.17,3.462511301,5.25,17.03,8222.75
2023-05-13,29.8,41.32,27.79,39.19,62.12,23.56,102.681,74.17,3.462511301,5.25,17.03,8222.75
2023-05-14,29.8,41.32,27.79,39.19,62.12,23.56,102.681,74.17,3.462511301,5.25,17.03,8222.75
2023-05-15,30.15,41.66,29.04,40.15,63.13,23.78,102.434,75.23,3.501874924,5.25,17.12,8218.25
2023-05-16,29.57,41.29,28.74,39.62,62.75,23.51,102.564,74.91,3.533869982,5.25,17.99,8074.24
2023-05-17,29.99,41.23,28.44,39.52,62.35,23.52,102.882,76.96,3.564089775,5.25,16.87,8262.75
2023-05-18,29.93,40.93,28.05,38.77,62.16,23.45,103.584,75.86,3.645728827,5.25,16.05,8128.48
2023-05-19,29.89,40.88,27.9,38.71,60.94,23.59,103.198,75.58,3.672614336,5.25,16.81,8201.0
2023-05-20,29.89,40.88,27.9,38.71,60.94,23.59,103.198,75.58,3.672614336,5.25,16.81,8201.0
2023-05-21,29.89,40.88,27.9,38.71,60.94,23.59,103.198,75.58,3.672614336,5.25,16.81,8201.0
2023-05-22,29.87,41.26,28.35,39.2,59.6,23.86,103.198,75.99,3.714824915,5.25,17.21,8061.53
2023-05-23,29.81,41.13,27.49,38.61,58.89,23.79,103.488,76.84,3.691874981,5.25,18.53,8035.74
2023-05-24,29.62,41.19,26.94,38.45,59.72,23.7,103.887,78.36,3.741888285,5.25,20.03,7851.75
2023-05-25,29.44,41.41,26.39,37.21,60.0,23.66,104.251,76.25999,3.817363024,5.25,19.14,7914.75
2023-05-26,29.94,42.02,26.83,37.51,61.22,23.79,104.206,76.95,3.798328638,5.25,17.95,8106.0
2023-05-27,29.94,42.02,26.83,37.51,61.22,23.79,104.206,76.95,3.798328638,5.25,17.95,8106.0
2023-05-28,29.94,42.02,26.83,37.51,61.22,23.79,104.206,76.95,3.798328638,5.25,17.95,8106.0
2023-05-29,29.94,42.02,26.83,37.51,61.22,23.79,104.206,77.07,3.798328638,5.25,17.46,8106.0
2023-05-30,29.12,41.81,26.04,36.81,60.24,23.77,104.165,73.54,3.686566591,5.25,17.46,8103.0
2023-05-31,28.82,41.7,25.97,37.04,59.85,23.38,104.326,72.66,3.642599583,5.25,17.94,8070.0
2023-06-01,29.72,42.125,26.63,38.08,60.16,23.49,103.56,74.28,3.594996214,5.25,15.65,8240.0
2023-06-02,30.59,42.28,27.43,38.81,60.66,23.78,104.015,76.13,3.690725088,5.25,14.6,8233.5
2023-06-03,30.59,42.28,27.43,38.81,60.66,23.78,104.015,76.13,3.690725088,5.25,14.6,8233.5
2023-06-04,30.59,42.28,27.43,38.81,60.66,23.78,104.015,76.13,3.690725088,5.25,14.6,8233.5
2023-06-05,30.75,42.16,27.39,39.12,61.25,23.75,104.002,76.71,3.683107138,5.25,14.73,8331.01
2023-06-06,31.35,42.26,27.99,39.4,62.39,23.78,104.125,76.29,3.660151958,5.25,13.96,8334.0
2023-06-07,30.81,42.33,27.5,39.23,61.93,23.22,104.099,76.95,3.795245409,5.25,13.94,8292.1
2023-06-08,31.03,42.23,27.79,39.9,62.2,23.45,103.343,75.96,3.717937231,5.25,13.65,8336.0
2023-06-09,31.6,42.11,27.82,40.54,62.92,23.46,103.557,74.79,3.739393234,5.25,13.83,8349.0
2023-06-10,31.6,42.11,27.82,40.54,62.92,23.46,103.557,74.79,3.739393234,5.25,13.83,8349.0
2023-06-11,31.6,42.11,27.82,40.54,62.92,23.46,103.557,74.79,3.739393234,5.25,13.83,8349.0
2023-06-12,31.72,42.28,27.75,40.52,62.62,23.51,103.654,71.84,3.735603809,5.25,15.01,8282.0
2023-06-13,31.57,42.64,28.07,41.03,63.09,23.48,103.338,74.29,3.81329608,5.25,14.61,8450.0
2023-06-14,32.44,42.78,28.45,41.92,64.08,23.46,102.948,73.2,3.786151886,5.25,13.88,8509.25
2023-06-15,32.66,43.01,29.08,42.35,64.34,23.45,102.115,75.67,3.716510534,5.25,14.5,8555.99
2023-06-16,32.32,43.13,28.91,42.25,64.1,23.21,102.243,76.61,3.761335611,5.25,13.54,8555.0
2023-06-17,32.32,43.13,28.91,42.25,64.1,23.21,102.243,76.61,3.761335611,5.25,13.54,8555.0
2023-06-18,32.32,43.13,28.91,42.25,64.1,23.21,102.243,76.61,3.761335611,5.25,13.54,8555.0
2023-06-19,32.32,43.13,28.91,42.25,64.1,23.21,102.522,76.09,3.761335611,5.25,14.19,8546.0
2023-06-20,32.72,43.01,27.67,41.21,62.87,22.97,102.54,75.9,3.720738649,5.25,13.88,8552.25
2023-06-21,33.17,43.075,27.5,40.58,62.77,23.18,102.071,77.12,3.718878984,5.25,13.2,8606.25
2023-06-22,32.78,42.96,27.44,40.07,62.01,23.09,102.386,74.14,3.794648647,5.25,12.91,8579.25
2023-06-23,32.69,42.58,26.87,39.11,61.66,22.92,102.903,73.85,3.734666824,5.25,13.44,8409.24
2023-06-24,32.69,42.58,26.87,39.11,61.66,22.92,102.903,73.85,3.734666824,5.25,13.44,8409.24
2023-06-25,32.69,42.58,26.87,39.11,61.66,22.92,102.903,73.85,3.734666824,5.25,13.44,8409.24
2023-06-26,32.63,42.77,27.01,38.98,61.75,23.09,102.692,74.18,3.721183777,5.25,14.25,8422.0
2023-06-27,32.29,43.02,27.6,39.56,62.81,23.09,102.492,72.26,3.763947725,5.25,13.74,8382.0
2023-06-28,31.73,43.35,27.37,39.56,62.36,23.02,102.905,74.03,3.707783937,5.25,13.43,8259.5
2023-06-29,32.19,43.34,26.94,39.26,62.53,22.94,103.342,74.34,3.838304043,5.25,13.54,8177.0
2023-06-30,32.43,43.7,27.19,39.78,62.18,23.05,102.912,74.9,3.836650133,5.25,13.59,8322.05
2023-07-01,32.43,43.7,27.19,39.78,62.18,23.05,102.912,74.9,3.836650133,5.25,13.59,8322.05
2023-07-02,32.43,43.7,27.19,39.78,62.18,23.05,102.912,74.9,3.836650133,5.25,13.59,8322.05
2023-07-03,32.83,43.79,27.71,39.89,63.09,23.12,102.988,74.65,3.854520082,5.25,13.57,8397.0
2023-07-04,32.83,43.79,27.71,39.89,63.09,23.12,103.039,76.25,3.854520082,5.25,13.7,8346.0
2023-07-05,32.35,43.77,27.39,39.58,63.21,23.09,103.373,76.65,3.931543589,5.25,14.18,8304.0
2023-07-06,31.26,43.58,26.6,38.03,61.67,22.82,103.166,76.52,4.029143333,5.25,15.44,8246.0
2023-07-07,32.02,43.6,27.18,38.97,62.61,22.92,102.272,78.47,4.061634541,5.25,14.83,8360.5
2023-07-08,32.02,43.6,27.18,38.97,62.61,22.92,102.272,78.47,4.061634541,5.25,14.83,8360.5
2023-07-09,32.02,43.6,27.18,38.97,62.61,22.92,102.272,78.47,4.061634541,5.25,14.83,8360.5
2023-07-10,31.67,43.66,27.16,38.94,62.62,22.89,101.972,77.68999,3.993786097,5.25,15.07,8356.49
2023-07-11,31.7,43.97,27.34,39.9,63.2,23.04,101.732,79.4,3.970024586,5.25,14.84,8305.0
2023-07-12,32.02,44.26,28.16,41.8,63.55,23.67,100.521,80.11,3.857345581,5.25,13.54,8488.75
2023-07-13,32.67,44.17,28.8,42.9,64.23,23.64,99.77,81.36,3.763370752,5.25,13.61,8687.0
2023-07-14,32.25,44.26,28.29,42.4,63.91,23.61,99.914,79.87,3.832197905,5.25,13.34,8661.75
2023-07-15,32.25,44.26,28.29,42.4,63.91,23.61,99.914,79.87,3.832197905,5.25,13.34,8661.75
2023-07-16,32.25,44.26,28.29,42.4,63.91,23.61,99.914,79.87,3.832197905,5.25,13.34,8661.75
2023-07-17,32.33,44.56,28.15,42.69,63.88,23.68,99.842,78.5,3.806775093,5.25,13.48,8468.0
2023-07-18,32.21,44.53,27.52,42.98,64.22,23.51,99.941,79.63,3.785317183,5.25,13.3,8444.99
2023-07-19,32.27,44.65,27.7,42.89,63.96,23.53,100.281,79.46,3.748274088,5.25,13.76,8401.79
2023-07-20,32.32,44.55,27.6,42.74,63.13,23.47,100.88,79.64,3.850332499,5.25,13.99,8460.75
2023-07-21,33.02,44.36,27.62,42.49,62.9,23.53,101.071,81.07,3.834892988,5.25,13.6,8422.5
2023-07-22,33.02,44.36,27.62,42.49,62.9,23.53,101.071,81.07,3.834892988,5.25,13.6,8422.5
2023-07-23,33.02,44.36,27.62,42.49,62.9,23.53,101.071,81.07,3.834892988,5.25,13.6,8422.5
2023-07-24,33.69,44.53,28.21,43.28,63.37,23.65,101.346,82.74,3.872485876,5.25,13.91,8487.75
2023-07-25,33.82,44.51,28.56,43.99,63.4,23.63,101.349,83.64,3.884468794,5.25,13.86,8641.25
2023-07-26,34.11,44.68,28.97,44.16,64.33,23.82,100.887,82.92,3.866782904,5.5,13.19,8577.25
2023-07-27,33.08,44.23,28.5,43.57,64.33,23.33,101.773,84.24,3.998188972,5.5,14.41,8528.0
2023-07-28,33.39,44.5,30.08,44.99,65.36,23.37,101.622,84.99,3.950652838,5.5,13.33,8625.49
2023-07-29,33.39,44.5,30.08,44.99,65.36,23.37,101.622,84.99,3.950652838,5.5,13.33,8625.49
2023-07-30,33.39,44.5,30.08,44.99,65.36,23.37,101.622,84.99,3.950652838,5.5,13.33,8625.49
2023-07-31,33.87,44.76,30.42,44.6,65.03,23.46,101.855,85.56,3.958766937,5.5,13.63,8800.0
2023-08-01,33.22,44.48,29.68,43.13,63.64,23.23,102.303,84.91,4.022986412,5.5,13.93,8594.25
2023-08-02,32.97,43.71,28.77,41.51,61.96,22.97,102.59,83.2,4.077527523,5.5,16.09,8469.24
2023-08-03,32.29,43.6,29.55,40.95,61.2,23.21,102.542,85.14,4.175109386,5.5,15.92,8570.5
2023-08-04,32.06,44.03,29.13,41.47,62.76,23.07,102.017,86.24,4.033800125,5.5,17.1,8523.25
2023-08-05,32.06,44.03,29.13,41.47,62.76,23.07,102.017,86.24,4.033800125,5.5,17.1,8523.25
2023-08-06,32.06,44.03,29.13,41.47,62.76,23.07,102.017,86.24,4.033800125,5.5,17.1,8523.25
2023-08-07,32.02,44.19,29.02,41.27,63.0,23.1,102.047,85.34,4.088460445,5.5,15.77,8436.11
2023-08-08,31.89,43.93,28.48,40.78,62.37,22.99,102.528,86.17,4.02203083,5.5,15.99,8303.0
2023-08-09,31.64,43.94,28.6,40.58,63.03,23.07,102.49,87.55,4.008106232,5.5,15.96,8363.26
2023-08-10,31.79,43.87,28.83,41.14,62.79,23.1,102.524,86.4,4.105506897,5.5,15.85,8348.74
2023-08-11,31.57,43.62,27.92,40.69,62.05,22.92,102.842,86.81,4.15223074,5.5,14.84,8255.6
2023-08-12,31.57,43.62,27.92,40.69,62.05,22.92,102.842,86.81,4.15223074,5.5,14.84,8255.6
2023-08-13,31.57,43.62,27.92,40.69,62.05,22.92,102.842,86.81,4.15223074,5.5,14.84,8255.6
2023-08-14,30.94,43.47,27.66,40.16,61.99,23.02,103.19,86.21,4.191329002,5.5,14.82,8242.75
2023-08-15,30.62,43.23,27.21,39.57,62.11,22.98,103.209,84.89,4.21099472,5.5,16.46,8143.5
2023-08-16,30.52,43.36,26.65,39.1,62.23,22.76,103.431,83.45,4.250394344,5.5,16.78,8115.25
2023-08-17,30.32,43.2,26.85,38.8,61.55,22.74,103.572,84.12,4.274144173,5.5,17.89,8200.85
2023-08-18,30.54,43.33,26.19,38.61,61.85,22.8,103.375,84.8,4.254621506,5.5,17.3,8213.75
2023-08-19,30.54,43.33,26.19,38.61,61.85,22.8,103.375,84.8,4.254621506,5.5,17.3,8213.75
2023-08-20,30.54,43.33,26.19,38.61,61.85,22.8,103.375,84.8,4.254621506,5.5,17.3,8213.75
2023-08-21,30.22,43.6,26.15,39.04,61.74,22.71,103.3,84.46,4.33791399,5.5,17.13,8239.0
2023-08-22,30.89,43.51,26.14,38.88,62.04,22.89,103.563,84.03,4.324084759,5.5,16.97,8330.7
2023-08-23,31.92,44.19,26.7,40.26,63.36,23.1,103.419,83.21,4.191847801,5.5,15.98,8424.25
2023-08-24,31.58,43.77,26.82,39.56,62.46,22.82,103.982,83.36,4.237151146,5.5,17.2,8326.5
2023-08-25,31.31,43.76,26.77,40.1,62.85,22.95,104.077,84.48,4.235384941,5.5,15.68,8319.25
2023-08-26,31.31,43.76,26.77,40.1,62.85,22.95,104.077,84.48,4.235384941,5.5,15.68,8319.25
2023-08-27,31.31,43.76,26.77,40.1,62.85,22.95,104.077,84.48,4.235384941,5.5,15.68,8319.25
2023-08-28,31.69,43.88,27.41,40.61,63.2,23.09,104.058,84.42,4.201969624,5.5,15.08,8319.25
2023-08-29,32.14,44.19,27.95,40.81,63.94,23.43,103.531,85.49,4.119747639,5.5,14.45,8411.0
2023-08-30,31.83,44.13,27.76,40.26,64.26,23.3,103.157,85.86,4.113937378,5.5,13.88,8445.55
2023-08-31,30.85,43.97,27.4,39.11,61.66,23.02,103.619,86.86,4.108128071,5.5,13.57,8404.5
2023-09-01,31.44,44.24,28.04,39.4,61.46,23.22,104.236,88.55,4.178797245,5.5,13.09,8479.25
2023-09-02,31.44,44.24,28.04,39.4,61.46,23.22,104.236,88.55,4.178797245,5.5,13.09,8479.25
2023-09-03,31.44,44.24,28.04,39.4,61.46,23.22,104.236,88.55,4.178797245,5.5,13.09,8479.25
2023-09-04,31.44,44.24,28.04,39.4,61.46,23.22,104.236,89.0,4.178797245,5.5,13.82,8437.25
2023-09-05,31.16,44.35,27.63,38.58,60.06,23.15,104.807,90.04,4.25975275,5.5,14.01,8482.5
2023-09-06,30.76,44.17,27.71,38.46,59.69,23.09,104.861,90.6,4.279659748,5.5,14.45,8358.75
2023-09-07,30.16,44.55,26.92,38.02,59.06,22.85,105.059,89.92,4.244062901,5.5,14.4,8309.25
2023-09-08,30.58,45.02,26.88,38.43,59.38,22.72,105.09,90.65,4.264099598,5.5,13.84,8229.0
2023-09-09,30.58,45.02,26.88,38.43,59.38,22.72,105.09,90.65,4.264099598,5.5,13.84,8229.0
2023-09-10,30.58,45.02,26.88,38.43,59.38,22.72,105.09,90.65,4.264099598,5.5,13.84,8229.0
2023-09-11,31.33,45.46,27.24,39.23,60.22,22.95,104.569,90.64,4.288014412,5.5,13.8,8375.5
2023-09-12,31.45,45.06,27.3,39.11,59.95,22.81,104.711,92.06,4.280144215,5.5,14.23,8367.5
2023-09-13,31.8,45.11,27.07,39.0,59.92,22.75,104.766,91.88,4.248464584,5.5,13.48,8397.5
2023-09-14,32.4,45.245,27.3,38.67,60.27,22.74,105.405,93.7,4.286274433,5.5,12.82,8372.25
2023-09-15,32.26,45.12,27.18,38.58,59.91,22.77,105.322,93.93,4.332417488,5.5,13.79,8350.35
2023-09-16,32.26,45.12,27.18,38.58,59.91,22.77,105.322,93.93,4.332417488,5.5,13.79,8350.35
2023-09-17,32.26,45.12,27.18,38.58,59.91,22.77,105.322,93.93,4.332417488,5.5,13.79,8350.35
2023-09-18,32.26,45.17,27.05,38.32,60.13,22.7,105.202,94.43,4.302551746,5.5,14.0,8299.8
2023-09-19,32.04,45.0,26.98,38.49,60.82,22.85,105.133,94.34,4.358645916,5.5,14.11,8233.5
2023-09-20,32.29,44.88,26.79,39.19,61.11,22.94,105.328,93.53,4.407002449,5.5,15.14,8281.5
2023-09-21,31.2,44.45,26.21,38.23,59.97,22.76,105.363,93.3,4.494152069,5.5,17.54,8129.75
2023-09-22,31.17,44.48,27.14,38.71,59.98,22.93,105.583,93.27,4.433703423,5.5,17.2,8161.74
2023-09-23,31.17,44.48,27.14,38.71,59.98,22.93,105.583,93.27,4.433703423,5.5,17.2,8161.74
2023-09-24,31.17,44.48,27.14,38.71,59.98,22.93,105.583,93.27,4.433703423,5.5,17.2,8161.74
2023-09-25,31.0,44.63,26.72,38.37,58.83,22.81,105.998,93.29,4.533400536,5.5,16.9,8075.4
2023-09-26,30.43,44.32,26.35,37.73,58.17,22.29,106.231,93.96,4.535583496,5.5,18.94,8034.15
2023-09-27,30.06,44.59,26.41,37.34,57.96,22.26,106.666,96.55,4.60748148,5.5,18.22,8056.5
2023-09-28,30.46,44.25,26.26,37.82,58.47,22.34,106.224,95.38,4.574767113,5.5,17.34,8167.05
2023-09-29,30.67,44.22,26.53,37.62,58.23,22.27,106.174,95.31,4.571113586,5.5,17.52,8212.5
2023-09-30,30.67,44.22,26.53,37.62,58.23,22.27,106.174,95.31,4.571113586,5.5,17.52,8212.5
2023-10-01,30.67,44.22,26.53,37.62,58.23,22.27,106.174,95.31,4.571113586,5.5,17.52,8212.5
2023-10-02,30.07,44.21,26.37,36.58,57.68,22.26,106.904,90.71,4.678526878,5.5,17.61,7978.0
2023-10-03,29.14,43.95,25.75,36.27,55.76,22.16,107.0,90.92,4.79547739,5.5,19.78,7929.0
2023-10-04,29.21,43.87,25.53,36.15,56.18,22.0,106.799,85.81,4.732944012,5.5,18.58,7875.0
2023-10-05,29.1,44.16,25.69,36.15,54.2,21.91,106.332,84.07,4.718543053,5.5,18.49,7823.75
2023-10-06,29.35,44.58,26.23,36.97,54.71,21.99,106.044,84.58,4.800884247,5.5,17.45,7971.25
2023-10-07,29.35,44.58,26.23,36.97,54.71,21.99,106.044,84.58,4.800884247,5.5,17.45,7971.25
2023-10-08,29.35,44.58,26.23,36.97,54.71,21.99,106.044,84.58,4.800884247,5.5,17.45,7971.25
2023-10-09,29.79,44.09,26.22,37.0,54.25,21.84,106.083,88.15,4.800884247,5.5,17.7,8039.25
2023-10-10,30.61,44.59,26.89,38.61,56.23,21.9,105.825,87.65,4.6529603,5.5,17.03,7945.0
2023-10-11,30.74,44.68,27.15,39.25,56.46,21.91,105.82,85.82,4.558238506,5.5,16.09,7946.5
2023-10-12,30.13,44.32,26.68,38.34,55.4,21.72,106.599,86.0,4.69691658,5.5,16.69,7915.75
2023-10-13,30.23,44.46,26.48,38.47,54.84,21.73,106.648,90.89,4.61241436,5.5,19.32,7875.81
2023-10-14,30.23,44.46,26.48,38.47,54.84,21.73,106.648,90.89,4.61241436,5.5,19.32,7875.81
2023-10-15,30.23,44.46,26.48,38.47,54.84,21.73,106.648,90.89,4.61241436,5.5,19.32,7875.81
2023-10-16,30.77,44.76,26.65,39.16,55.87,21.77,106.243,89.65,4.705976009,5.5,17.21,7915.5
2023-10-17,30.64,44.77,26.45,39.01,55.32,21.61,106.25,89.9,4.834128857,5.5,17.88,7902.75
2023-10-18,30.11,44.22,26.01,38.0,54.22,21.32,106.565,91.5,4.914867878,5.5,19.22,7901.5
2023-10-19,30.1,44.33,25.56,37.71,53.72,20.84,106.253,92.38,4.989830971,5.5,21.4,7928.0
2023-10-20,29.94,43.98,25.03,37.14,53.27,20.92,106.163,92.16,4.913664818,5.5,21.71,7879.76
2023-10-21,29.94,43.98,25.03,37.14,53.27,20.92,106.163,92.16,4.913664818,5.5,21.71,7879.76
2023-10-22,29.94,43.98,25.03,37.14,53.27,20.92,106.163,92.16,4.913664818,5.5,21.71,7879.76
2023-10-23,29.81,43.62,25.25,37.39,53.34,20.65,105.536,89.82999,4.850213051,5.5,20.37,7900.76
2023-10-24,30.23,43.75,26.06,37.31,53.21,20.96,106.27,88.07,4.822947025,5.5,18.97,7985.0
2023-10-25,29.92,43.25,25.53,36.8,53.44,20.9,106.528,90.13,4.954910755,5.5,20.19,7958.5
2023-10-26,30.49,42.73,25.58,37.04,54.58,20.37,106.602,87.93,4.844515324,5.5,20.68,7911.0
2023-10-27,29.93,42.96,25.67,37.04,54.53,20.36,106.559,90.48,4.834582806,5.5,21.27,8030.0
2023-10-28,29.93,42.96,25.67,37.04,54.53,20.36,106.559,90.48,4.834582806,5.5,21.27,8030.0
2023-10-29,29.93,42.96,25.67,37.04,54.53,20.36,106.559,90.48,4.834582806,5.5,21.27,8030.0
2023-10-30,29.52,43.33,25.94,37.27,54.95,20.43,106.12,87.45,4.894223213,5.5,19.75,8068.75
2023-10-31,29.77,43.24,25.52,37.39,54.8,20.34,106.663,87.41,4.930703163,5.5,18.14,8029.0
2023-11-01,30.66,43.4,25.48,37.84,56.5,20.12,106.884,84.63,4.734082699,5.5,16.87,8030.0
2023-11-02,31.54,43.83,25.75,39.07,58.96,20.7,106.124,86.85,4.659025669,5.5,15.66,8064.0
2023-11-03,31.9,44.15,26.35,40.53,59.53,21.33,105.021,84.89,4.572375298,5.5,14.91,8095.7
2023-11-04,31.9,44.15,26.35,40.53,59.53,21.33,105.021,84.89,4.572375298,5.5,14.91,8095.7
2023-11-05,31.9,44.15,26.35,40.53,59.53,21.33,105.021,84.89,4.572375298,5.5,14.91,8095.7
2023-11-06,32.02,44.19,26.43,40.23,59.69,21.52,105.215,85.18,4.643069744,5.5,14.89,8157.74
2023-11-07,32.24,44.21,26.31,39.36,59.19,21.34,105.542,81.61,4.566488743,5.5,14.81,8101.0
2023-11-08,31.98,44.33,26.12,39.31,58.84,21.14,105.593,79.54,4.492477417,5.5,14.45,8058.5
2023-11-09,31.81,44.04,25.76,38.58,57.89,21.04,105.91,80.00999,4.624058247,5.5,15.29,8068.11
2023-11-10,32.4,44.49,25.68,38.69,59.01,20.97,105.861,81.43,4.651827335,5.5,14.17,7954.69
2023-11-11,32.4,44.49,25.68,38.69,59.01,20.97,105.861,81.43,4.651827335,5.5,14.17,7954.69
2023-11-12,32.4,44.49,25.68,38.69,59.01,20.97,105.861,81.43,4.651827335,5.5,14.17,7954.69
2023-11-13,32.33,44.42,26.02,38.57,58.93,20.96,105.631,82.52,4.639917374,5.5,14.76,8081.25
2023-11-14,33.38,45.08,26.58,40.78,61.43,21.57,104.053,82.47,4.4472785,5.5,14.16,8144.0
2023-11-15,33.6,44.94,27.21,41.4,61.88,21.62,104.394,81.18,4.531357765,5.5,14.18,8172.25
2023-11-16,33.67,44.98,26.1,40.25,61.62,21.6,104.349,77.42,4.435537338,5.5,14.32,8122.0
2023-11-17,33.49,45.045,26.12,40.34,62.09,21.63,103.917,80.61,4.435446262,5.5,13.8,8168.2
2023-11-18,33.49,45.045,26.12,40.34,62.09,21.63,103.917,80.61,4.435446262,5.5,13.8,8168.2
2023-11-19,33.49,45.045,26.12,40.34,62.09,21.63,103.917,80.61,4.435446262,5.5,13.8,8168.2
2023-11-20,34.16,45.05,26.69,40.64,62.84,21.73,103.438,82.32,4.419843674,5.5,13.41,8340.25
2023-11-21,33.79,45.06,26.16,39.93,62.05,21.42,103.565,82.45,4.392607689,5.5,13.35,8353.0
2023-11-22,33.76,45.21,26.29,39.53,62.27,21.27,103.92,81.96,4.404185295,5.5,12.85,8252.99
2023-11-23,33.76,45.21,26.29,39.53,62.27,21.27,103.92,81.42,4.404185295,5.5,12.8,8306.5
2023-11-24,33.77,45.19,26.36,40.26,62.49,21.6,103.403,80.58,4.466495991,5.5,12.46,8329.75
2023-11-25,33.77,45.19,26.36,40.26,62.49,21.6,103.403,80.58,4.466495991,5.5,12.46,8329.75
2023-11-26,33.77,45.19,26.36,40.26,62.49,21.6,103.403,80.58,4.466495991,5.5,12.46,8329.75
2023-11-27,33.75,45.09,26.02,40.58,61.99,21.7,103.199,79.98,4.386550426,5.5,12.69,8259.25
2023-11-28,34.12,45.49,25.71,41.06,62.45,21.85,102.746,81.68,4.32067728,5.5,12.69,8387.75
2023-11-29,33.79,45.63,25.06,40.5,62.07,21.68,102.765,83.1,4.255187035,5.5,12.98,8336.5
2023-11-30,34.01,46.02,25.16,40.44,63.24,21.75,103.497,82.83,4.326366425,5.5,12.92,8387.5
2023-12-01,34.42,46.4,24.89,40.8,63.8,21.99,103.268,78.88,4.195559025,5.5,12.63,8538.52
2023-12-02,34.42,46.4,24.89,40.8,63.8,21.99,103.268,78.88,4.195559025,5.5,12.63,8538.52
2023-12-03,34.42,46.4,24.89,40.8,63.8,21.99,103.268,78.88,4.195559025,5.5,12.63,8538.52
2023-12-04,33.65,46.84,24.31,40.25,62.92,21.86,103.712,78.03,4.252933025,5.5,13.08,8362.75
2023-12-05,33.74,47.27,23.94,39.7,63.42,21.86,104.05,77.2,4.164880276,5.5,12.85,8252.75
2023-12-06,33.64,47.34,23.95,39.71,63.79,21.68,104.153,74.3,4.104005814,5.5,12.97,8201.25
2023-12-07,33.6,47.46,24.03,39.86,63.54,21.78,103.541,74.05,4.149475574,5.5,13.06,8258.0
2023-12-08,33.85,47.31,23.7,39.22,63.93,21.7,104.01,75.84,4.225649357,5.5,12.35,8366.25
2023-12-09,33.85,47.31,23.7,39.22,63.93,21.7,104.01,75.84,4.225649357,5.5,12.35,8366.25
2023-12-10,33.85,47.31,23.7,39.22,63.93,21.7,104.01,75.84,4.225649357,5.5,12.35,8366.25
2023-12-11,33.76,47.56,23.79,39.34,63.94,21.34,104.095,76.03,4.233253956,5.5,12.63,8249.1
2023-12-12,33.42,47.38,23.95,39.03,64.51,21.42,103.865,73.24,4.200591564,5.5,12.07,8259.75
2023-12-13,34.64,47.96,23.87,40.05,65.38,21.54,102.869,74.26,4.016413689,5.5,12.19,8237.4
2023-12-14,35.06,48.35,24.18,42.05,67.82,22.06,101.956,76.61,3.920759201,5.5,12.48,8460.51
2023-12-15,34.59,48.3,24.13,41.83,67.71,21.9,102.55,76.55,3.911020756,5.5,12.28,8454.65
2023-12-16,34.59,48.3,24.13,41.83,67.71,21.9,102.55,76.55,3.911020756,5.5,12.28,8454.65
2023-12-17,34.59,48.3,24.13,41.83,67.71,21.9,102.55,76.55,3.911020756,5.5,12.28,8454.65
2023-12-18,35.19,48.455,23.88,40.58,68.62,21.84,102.561,77.95,3.931414,5.5,12.56,8393.81
2023-12-19,35.66,48.72,24.2,41.52,68.82,22.11,102.167,79.23,3.931279182,5.5,12.53,8500.5
2023-12-20,33.78,47.4,22.91,40.55,66.56,21.74,102.408,79.7,3.84736371,5.5,13.67,8488.5
2023-12-21,34.33,48.16,23.71,41.31,67.85,21.99,101.843,79.39,3.888095856,5.5,13.65,8508.5
2023-12-22,34.62,48.36,23.05,40.75,67.81,22.04,101.698,79.07,3.894978046,5.5,13.03,8483.5
2023-12-23,34.62,48.36,23.05,40.75,67.81,22.04,101.698,79.07,3.894978046,5.5,13.03,8483.5
2023-12-24,34.62,48.36,23.05,40.75,67.81,22.04,101.698,79.07,3.894978046,5.5,13.03,8483.5
2023-12-25,34.62,48.36,23.05,40.75,67.81,22.04,101.698,79.07,3.894978046,5.5,13.03,8483.5
2023-12-26,35.15,48.53,23.22,40.97,68.31,22.17,101.466,81.07,3.896701574,5.5,12.99,8483.5
2023-12-27,35.27,48.84,23.25,41.97,68.46,22.28,100.986,79.65,3.794419527,5.5,12.43,8589.0
2023-12-28,35.11,49.02,23.88,40.94,67.96,22.23,101.229,78.39,3.844284534,5.5,12.47,8530.25
2023-12-29,34.96,48.81,24.03,41.79,67.85,22.32,101.333,77.04,3.879053593,5.5,12.45,8463.92
2023-12-30,34.96,48.81,24.03,41.79,67.85,22.32,101.333,77.04,3.879053593,5.5,12.45,8463.92
2023-12-31,34.96,48.81,24.03,41.79,67.85,22.32,101.333,77.04,3.879053593,5.5,12.45,8463.92
2024-01-01,34.96,48.81,24.03,41.79,67.85,22.32,101.333,77.04,3.879053593,5.5,12.45,8463.92
2024-01-02,34.37,48.67,23.24,40.83,67.2,22.21,102.2,75.89,3.929401636,5.5,13.2,8440.5
2024-01-03,34.43,48.59,23.67,39.77,65.67,22.05,102.494,78.25,3.916151285,5.5,14.04,8418.5
2024-01-04,34.07,49.01,23.36,39.54,65.34,22.39,102.422,77.59,3.998753786,5.5,14.13,8367.8
2024-01-05,34.46,49.09,23.23,39.67,66.88,22.59,102.412,78.75999,4.045732975,5.5,13.35,8361.0
2024-01-06,34.46,49.09,23.23,39.67,66.88,22.59,102.412,78.75999,4.045732975,5.5,13.35,8361.0
2024-01-07,34.46,49.09,23.23,39.67,66.88,22.59,102.412,78.75999,4.045732975,5.5,13.35,8361.0
2024-01-08,34.53,49.09,22.94,39.86,66.99,22.52,102.209,76.12,4.030452728,5.5,13.08,8339.69
2024-01-09,34.04,48.85,22.48,39.35,65.24,22.28,102.57,77.59,4.013295174,5.5,12.76,8263.4
2024-01-10,33.99,49.15,22.49,39.04,65.53,22.32,102.362,76.8,4.028336048,5.5,12.69,8269.0
2024-01-11,34.16,49.19,22.83,39.32,66.03,22.39,102.291,77.41,3.965836287,5.5,12.44,8262.2
2024-01-12,34.34,49.96,22.73,39.59,66.35,22.64,102.404,78.29,3.938958645,5.5,12.7,8241.2
2024-01-13,34.34,49.96,22.73,39.59,66.35,22.64,102.404,78.29,3.938958645,5.5,12.7,8241.2
2024-01-14,34.34,49.96,22.73,39.59,66.35,22.64,102.404,78.29,3.938958645,5.5,12.7,8241.2
2024-01-15,34.34,49.96,22.73,39.59,66.35,22.64,102.404,78.15,3.938958645,5.5,13.25,8284.0
2024-01-16,33.44,49.4,22.02,38.0,64.42,22.43,103.357,78.29,4.058089733,5.5,13.84,8268.0
2024-01-17,33.24,48.83,21.45,37.32,63.63,22.13,103.45,77.88,4.101872444,5.5,14.79,8174.25
2024-01-18,32.91,49.08,21.53,37.87,63.94,22.19,103.536,79.1,4.142016888,5.5,14.13,8223.8
2024-01-19,32.96,49.59,21.68,38.11,65.12,22.21,103.288,78.56,4.122571468,5.5,13.3,8271.76
2024-01-20,32.96,49.59,21.68,38.11,65.12,22.21,103.288,78.56,4.122571468,5.5,13.3,8271.76
2024-01-21,32.96,49.59,21.68,38.11,65.12,22.21,103.288,78.56,4.122571468,5.5,13.3,8271.76
2024-01-22,32.34,49.77,21.14,37.37,64.04,22.08,103.331,80.06,4.105235577,5.5,13.19,8254.5
2024-01-23,32.94,48.68,22.11,38.36,64.44,21.87,103.617,79.55,4.128151894,5.5,12.55,8312.0
2024-01-24,32.93,49.2,22.77,38.89,64.43,21.84,103.236,80.04,4.176170826,5.5,13.14,8472.49
2024-01-25,33.19,49.11,22.75,38.96,65.49,21.57,103.574,82.43,4.1183815,5.5,13.45,8477.5
2024-01-26,33.37,49.19,22.6,39.63,66.39,21.35,103.433,83.55,4.137331486,5.5,13.26,8448.05
2024-01-27,33.37,49.19,22.6,39.63,66.39,21.35,103.433,83.55,4.137331486,5.5,13.26,8448.05
2024-01-28,33.37,49.19,22.6,39.63,66.39,21.35,103.433,83.55,4.137331486,5.5,13.26,8448.05
2024-01-29,33.13,49.98,22.29,39.33,66.38,21.57,103.609,82.4,4.073952198,5.5,13.6,8455.0
2024-01-30,32.86,49.52,21.93,39.3,67.03,21.75,103.397,82.87,4.031856537,5.5,13.31,8511.75
2024-01-31,32.92,49.89,21.76,39.22,66.66,21.86,103.274,81.71,3.912365437,5.5,14.35,8500.5
2024-02-01,33.29,50.23,21.86,39.94,67.64,22.03,103.048,78.7,3.880238295,5.5,13.88,8425.5
2024-02-02,32.67,50.375,21.41,39.01,67.94,22.06,103.922,77.33,4.019882679,5.5,13.85,8374.34
2024-02-03,32.67,50.375,21.41,39.01,67.94,22.06,103.922,77.33,4.019882679,5.5,13.85,8374.34
2024-02-04,32.67,50.375,21.41,39.01,67.94,22.06,103.922,77.33,4.019882679,5.5,13.85,8374.34
2024-02-05,32.68,50.11,21.88,38.55,67.6,21.89,104.452,77.99,4.157878876,5.5,13.67,8247.24
2024-02-06,33.56,50.78,23.13,39.59,68.92,22.13,104.213,78.59,4.100026131,5.5,13.06,8293.25
2024-02-07,33.39,50.89,22.62,39.11,68.81,22.24,104.057,79.21,4.121087074,5.5,12.83,8198.74
2024-02-08,32.71,50.5,22.1,38.45,67.53,22.26,104.165,81.63,4.154030323,5.5,12.79,8085.02
2024-02-09,32.93,50.72,22.36,38.35,67.42,22.41,104.111,82.18999,4.175389767,5.5,12.93,8065.04
2024-02-10,32.93,50.72,22.36,38.35,67.42,22.41,104.111,82.18999,4.175389767,5.5,12.93,8065.04
2024-02-11,32.93,50.72,22.36,38.35,67.42,22.41,104.111,82.18999,4.175389767,5.5,12.93,8065.04
2024-02-12,33.22,50.28,22.72,38.6,67.54,22.65,104.17,82.0,4.179277897,5.5,13.93,8128.68
2024-02-13,32.27,49.97,22.2,37.5,66.55,22.16,104.96,82.77,4.314321518,5.5,15.85,8155.5
2024-02-14,32.55,50.81,22.67,37.89,67.32,22.7,104.723,81.6,4.255391121,5.5,14.38,8097.0
2024-02-15,32.8,51.08,22.76,38.17,67.58,22.86,104.296,82.86,4.229994774,5.5,14.01,8223.0
2024-02-16,33.11,51.2,23.07,38.66,67.3,22.74,104.275,83.47,4.279164314,5.5,14.24,8409.16
2024-02-17,33.11,51.2,23.07,38.66,67.3,22.74,104.275,83.47,4.279164314,5.5,14.24,8409.16
2024-02-18,33.11,51.2,23.07,38.66,67.3,22.74,104.275,83.47,4.279164314,5.5,14.24,8409.16
2024-02-19,33.11,51.2,23.07,38.66,67.3,22.74,104.291,83.56,4.279164314,5.5,14.71,8353.5
2024-02-20,33.69,51.56,22.92,38.27,67.31,22.79,104.079,82.34,4.275282383,5.5,15.42,8423.99
2024-02-21,33.69,51.18,23.59,38.27,67.12,22.7,104.006,83.03,4.31866169,5.5,15.34,8456.5
2024-02-22,33.49,51.73,23.95,38.34,67.2,22.83,103.957,83.67,4.32069397,5.5,14.54,8499.5
2024-02-23,33.12,51.8,24.12,38.09,66.53,22.64,103.936,81.62,4.248020172,5.5,13.75,8475.0
2024-02-24,33.12,51.8,24.12,38.09,66.53,22.64,103.936,81.62,4.248020172,5.5,13.75,8475.0
2024-02-25,33.12,51.8,24.12,38.09,66.53,22.64,103.936,81.62,4.248020172,5.5,13.75,8475.0
2024-02-26,33.29,51.56,23.91,37.73,66.17,22.54,103.827,82.53,4.279510498,5.5,13.74,8361.5
2024-02-27,34.08,51.625,24.32,37.72,66.12,22.52,103.829,83.65,4.30321312,5.5,13.43,8375.25
2024-02-28,33.35,51.06,23.46,36.9,64.89,22.54,103.975,83.68,4.263868332,5.5,13.84,8354.75
2024-02-29,33.01,51.16,23.42,37.15,65.24,22.37,104.156,83.62,4.250157356,5.5,13.4,8401.5
2024-03-01,33.2,51.92,23.92,38.05,65.64,22.48,103.861,83.55,4.179773808,5.5,13.11,8416.0
2024-03-02,33.2,51.92,23.92,38.05,65.64,22.48,103.861,83.55,4.179773808,5.5,13.11,8416.0
2024-03-03,33.2,51.92,23.92,38.05,65.64,22.48,103.861,83.55,4.179773808,5.5,13.11,8416.0
2024-03-04,32.99,51.91,23.39,37.98,65.63,22.18,103.832,82.8,4.213050365,5.5,13.49,8455.91
2024-03-05,32.85,51.72,23.03,37.74,65.88,22.15,103.798,82.04,4.152525425,5.5,14.46,8400.75
2024-03-06,33.15,52.11,23.53,39.02,65.69,22.53,103.369,82.96,4.102013588,5.5,14.5,8484.25
2024-03-07,33.1,52.29,23.33,39.14,65.59,22.79,102.823,82.96,4.082650185,5.5,14.44,8546.49
2024-03-08,32.33,52.28,23.47,38.94,65.59,22.89,102.712,82.08,4.074930191,5.5,14.74,8487.27
2024-03-09,32.33,52.28,23.47,38.94,65.59,22.89,102.712,82.08,4.074930191,5.5,14.74,8487.27
2024-03-10,32.33,52.28,23.47,38.94,65.59,22.89,102.712,82.08,4.074930191,5.5,14.74,8487.27
2024-03-11,32.12,51.9,24.04,39.17,65.84,22.92,102.869,82.21,4.09819603,5.5,15.22,8559.65
2024-03-12,32.55,51.69,24.56,38.99,65.53,22.91,102.957,81.92,4.150742531,5.5,13.84,8560.7
2024-03-13,32.68,50.43,24.64,39.65,67.17,22.78,102.789,84.03,4.189860821,5.5,13.75,8833.46
2024-03-14,32.4,50.71,24.14,38.76,67.27,22.95,103.36,85.42,4.290272713,5.5,14.4,8783.25
2024-03-15,32.09,50.52,23.99,38.32,66.95,22.71,103.432,85.34,4.306283951,5.5,14.41,8968.5
2024-03-16,32.09,50.52,23.99,38.32,66.95,22.71,103.432,85.34,4.306283951,5.5,14.41,8968.5
2024-03-17,32.09,50.52,23.99,38.32,66.95,22.71,103.432,85.34,4.306283951,5.5,14.41,8968.5
2024-03-18,31.99,50.7,24.03,37.54,66.95,22.69,103.579,86.89,4.324201107,5.5,14.33,8986.11
2024-03-19,32.08,50.14,23.91,37.58,66.06,22.75,103.818,87.38,4.292532921,5.5,13.82,8870.81
2024-03-20,32.82,50.42,24.13,38.8,67.91,22.9,103.389,85.95,4.272801399,5.5,13.04,8818.84
2024-03-21,32.55,50.53,24.02,38.72,67.63,22.87,104.007,85.78,4.266923428,5.5,12.92,8837.66
2024-03-22,32.13,50.49,23.68,38.23,67.48,22.63,104.43,85.43,4.198090076,5.5,13.06,8756.04
2024-03-23,32.13,50.49,23.68,38.23,67.48,22.63,104.43,85.43,4.198090076,5.5,13.06,8756.04
2024-03-24,32.13,50.49,23.68,38.23,67.48,22.63,104.43,85.43,4.198090076,5.5,13.06,8756.04
2024-03-25,32.25,50.54,23.71,38.33,67.59,22.9,104.224,86.75,4.245395184,5.5,13.19,8757.63
2024-03-26,32.26,50.76,23.84,38.42,68.46,22.78,104.298,86.25,4.231630802,5.5,13.24,8748.47
2024-03-27,32.51,51.09,23.81,39.0,69.08,22.67,104.348,86.09,4.190340042,5.5,12.78,8744.39
2024-03-28,32.42,51.59,24.07,39.17,69.31,22.53,104.546,87.48,4.20031929,5.5,13.01,8766.51
2024-03-29,32.42,51.59,24.07,39.17,69.31,22.53,104.487,87.48,4.20031929,5.5,13.01,8766.51
2024-03-30,32.42,51.59,24.07,39.17,69.31,22.53,104.487,87.48,4.20031929,5.5,13.01,8766.51
2024-03-31,32.42,51.59,24.07,39.17,69.31,22.53,104.487,87.48,4.20031929,5.5,13.01,8766.51
2024-04-01,31.83,51.49,24.4,39.03,68.92,21.97,105.019,87.42,4.30918932,5.5,13.65,8766.51
2024-04-02,32.01,51.57,24.6,39.44,69.18,22.02,104.816,88.92,4.349117756,5.5,14.61,8888.06
2024-04-03,32.09,51.68,24.45,39.62,69.02,21.9,104.249,89.35,4.347192764,5.5,14.33,9150.56
2024-04-04,32.09,51.57,24.32,39.68,69.3,22.06,104.121,90.65,4.309379101,5.5,16.35,9242.06
2024-04-05,31.81,52.02,24.19,40.26,70.32,22.01,104.298,91.17,4.401591301,5.5,16.03,9208.5
2024-04-06,31.81,52.02,24.19,40.26,70.32,22.01,104.298,91.17,4.401591301,5.5,16.03,9208.5
2024-04-07,31.81,52.02,24.19,40.26,70.32,22.01,104.298,91.17,4.401591301,5.5,16.03,9208.5
2024-04-08,32.52,52.38,24.36,40.4,70.57,22.03,104.14,90.38,4.419778824,5.5,15.19,9281.51
2024-04-09,32.99,52.42,24.59,41.17,69.81,22.19,104.148,89.42,4.361635685,5.5,14.98,9283.0
2024-04-10,32.08,52.22,24.47,40.14,68.44,21.74,105.245,90.48,4.543535233,5.5,15.8,9240.45
2024-04-11,31.82,52.35,24.7,40.7,68.67,21.77,105.282,89.74,4.586542606,5.5,14.91,9209.9
2024-04-12,31.27,51.67,23.84,39.6,67.42,21.46,106.038,90.45,4.521595001,5.5,17.31,9333.2
2024-04-13,31.27,51.67,23.84,39.6,67.42,21.46,106.038,90.45,4.521595001,5.5,17.31,9333.2
2024-04-14,31.27,51.67,23.84,39.6,67.42,21.46,106.038,90.45,4.521595001,5.5,17.31,9333.2
2024-04-15,30.81,51.26,23.92,38.97,66.54,21.48,106.208,90.1,4.601402283,5.5,19.23,9499.47
2024-04-16,30.08,51.15,23.67,38.33,64.87,20.85,106.257,90.02,4.667390823,5.5,18.4,9355.1
2024-04-17,30.17,50.97,23.65,38.31,64.92,20.8,105.951,87.29,4.587311268,5.5,18.21,9489.7
2024-04-18,30.11,51.07,24.08,38.26,64.92,20.89,106.151,87.11,4.632631779,5.5,18.0,9652.0
2024-04-19,30.74,51.33,24.01,38.4,64.89,20.78,106.154,87.29,4.620698929,5.5,18.71,9797.24
2024-04-20,30.74,51.33,24.01,38.4,64.89,20.78,106.154,87.29,4.620698929,5.5,18.71,9797.24
2024-04-21,30.74,51.33,24.01,38.4,64.89,20.78,106.154,87.29,4.620698929,5.5,18.71,9797.24
2024-04-22,31.01,51.89,24.42,38.32,65.6,20.71,106.077,87.0,4.608495712,5.5,16.94,9742.0
2024-04-23,31.16,52.01,24.8,38.84,66.49,21.11,105.675,88.42,4.600409508,5.5,15.69,9602.05
2024-04-24,30.99,52.01,25.27,38.77,65.77,21.02,105.857,88.02,4.641721725,5.5,15.97,9654.83
2024-04-25,30.81,52.29,25.44,39.02,65.8,20.86,105.598,89.00999,4.703948021,5.5,15.37,9742.15
2024-04-26,31.54,52.32,25.87,40.04,66.85,20.31,105.938,89.5,4.66296339,5.5,15.03,9852.84
2024-04-27,31.54,52.32,25.87,40.04,66.85,20.31,105.938,89.5,4.66296339,5.5,15.03,9852.84
2024-04-28,31.54,52.32,25.87,40.04,66.85,20.31,105.938,89.5,4.66296339,5.5,15.03,9852.84
2024-04-29,31.75,52.53,26.11,41.09,67.25,20.69,105.579,88.4,4.613564491,5.5,14.67,10063.9
2024-04-30,31.03,52.35,25.49,40.12,65.48,20.77,106.221,87.86,4.679831982,5.5,15.65,9892.4
2024-05-01,31.15,52.41,25.68,40.51,65.93,20.83,105.755,83.43999,4.628273964,5.5,15.39,9782.43
2024-05-02,31.78,52.98,27.15,41.17,66.14,20.54,105.299,83.67,4.581052303,5.5,14.68,9642.46
2024-05-03,32.31,52.73,27.33,41.57,66.8,20.94,105.03,82.96,4.5076828,5.5,13.49,9790.13
2024-05-04,32.31,52.73,27.33,41.57,66.8,20.94,105.03,82.96,4.5076828,5.5,13.49,9790.13
2024-05-05,32.31,52.73,27.33,41.57,66.8,20.94,105.03,82.96,4.5076828,5.5,13.49,9790.13
2024-05-06,32.33,52.37,27.31,41.75,67.4,20.99,105.051,83.33,4.487394333,5.5,13.49,9790.13
2024-05-07,32.52,51.91,26.92,41.47,66.98,20.71,105.412,83.16,4.456965446,5.5,13.23,9894.29
2024-05-08,32.4,52.02,26.82,41.44,67.06,20.45,105.546,83.58,4.493735313,5.5,13.0,9767.35
2024-05-09,31.85,51.57,27.4,42.04,68.59,20.6,105.227,83.88,4.453127384,5.5,12.69,9780.61
2024-05-10,31.61,51.37,27.77,42.53,68.47,20.48,105.301,82.79,4.496347904,5.5,12.55,9897.52
2024-05-11,31.61,51.37,27.77,42.53,68.47,20.48,105.301,82.79,4.496347904,5.5,12.55,9897.52
2024-05-12,31.61,51.37,27.77,42.53,68.47,20.48,105.301,82.79,4.496347904,5.5,12.55,9897.52
2024-05-13,31.78,51.72,28.36,42.95,68.32,20.4,105.218,83.36,4.486509323,5.5,13.6,10082.4
2024-05-14,31.97,52.15,28.01,43.01,67.65,20.48,105.013,82.38,4.439413071,5.5,13.42,10008.46
2024-05-15,31.63,52.33,28.33,43.79,68.62,20.87,104.345,82.75,4.340009212,5.5,12.45,10124.79
2024-05-16,31.7,52.53,29.16,43.7,68.69,21.02,104.462,83.27,4.374968529,5.5,12.42,10343.18
2024-05-17,31.75,52.97,29.33,43.89,68.96,21.3,104.445,83.98,4.419821739,5.5,11.99,10597.85
2024-05-18,31.75,52.97,29.33,43.89,68.96,21.3,104.445,83.98,4.419821739,5.5,11.99,10597.85
2024-05-19,31.75,52.97,29.33,43.89,68.96,21.3,104.445,83.98,4.419821739,5.5,11.99,10597.85
2024-05-20,31.66,53.12,29.01,44.14,68.86,20.9,104.565,83.71,4.443324089,5.5,12.15,10800.81
2024-05-21,31.44,53.21,28.56,44.39,67.65,20.58,104.661,82.88,4.411985397,5.5,11.86,10742.0
2024-05-22,30.87,53.29,28.2,43.42,67.41,20.54,104.933,81.9,4.42176342,5.5,12.29,10295.21
2024-05-23,30.64,53.81,27.63,42.5,66.48,20.4,105.108,81.36,4.476737976,5.5,12.77,10318.41
2024-05-24,30.43,54.07,27.58,42.88,65.92,20.5,104.724,82.12,4.464952469,5.5,11.93,10204.59
2024-05-25,30.43,54.07,27.58,42.88,65.92,20.5,104.724,82.12,4.464952469,5.5,11.93,10204.59
2024-05-26,30.43,54.07,27.58,42.88,65.92,20.5,104.724,82.12,4.464952469,5.5,11.93,10204.59
2024-05-27,30.43,54.07,27.58,42.88,65.92,20.5,104.595,83.1,4.464952469,5.5,12.36,10204.59
2024-05-28,30.4,53.56,27.56,42.8,65.31,20.43,104.614,84.22,4.549950123,5.5,12.92,10380.76
2024-05-29,29.88,53.28,27.12,42.37,64.64,19.96,105.122,83.6,4.611690044,5.5,14.28,10326.27
2024-05-30,30.03,53.03,27.15,40.68,64.77,19.86,104.716,81.86,4.54602766,5.5,14.47,10007.14
2024-05-31,29.6,53.01,26.63,40.59,64.9,19.76,104.671,81.62,4.498543739,5.5,12.92,9913.38
2024-06-01,29.6,53.01,26.63,40.59,64.9,19.76,104.671,81.62,4.498543739,5.5,12.92,9913.38
2024-06-02,29.6,53.01,26.63,40.59,64.9,19.76,104.671,81.62,4.498543739,5.5,12.92,9913.38
2024-06-03,29.58,54.8,26.76,41.7,57.93,20.05,104.14,78.36,4.388402462,5.5,13.11,10016.96
2024-06-04,29.25,51.46,26.97,40.7,59.47,20.12,104.11,77.52,4.325948715,5.5,13.16,9820.12
2024-06-05,29.15,53.12,27.2,40.24,61.96,19.91,104.268,78.41,4.27545166,5.5,12.63,9806.25
2024-06-06,29.77,53.36,27.19,40.36,60.62,20.11,104.102,79.87,4.287046909,5.5,12.58,10036.51
2024-06-07,28.76,53.99,26.5,39.87,57.25,19.77,104.885,79.62,4.433507919,5.5,12.22,9638.42
2024-06-08,28.76,53.99,26.5,39.87,57.25,19.77,104.885,79.62,4.433507919,5.5,12.22,9638.42
2024-06-09,28.76,53.99,26.5,39.87,57.25,19.77,104.885,79.62,4.433507919,5.5,12.22,9638.42
2024-06-10,28.61,54.15,26.75,40.21,57.84,19.88,105.15,81.63,4.467020988,5.5,12.74,9765.86
2024-06-11,27.85,54.26,26.47,39.91,56.63,18.9,105.23,81.92,4.40402317,5.5,12.85,9630.4
2024-06-12,27.24,54.67,26.41,40.84,55.51,18.91,104.645,82.6,4.316030502,5.5,12.04,9820.99
2024-06-13,27.29,54.6,26.39,40.38,55.64,18.71,105.196,82.75,4.244193077,5.5,11.94,9663.72
2024-06-14,27.27,55.17,26.17,41.31,55.61,18.25,105.55,82.62,4.220875263,5.5,12.66,9615.52
2024-06-15,27.27,55.17,26.17,41.31,55.61,18.25,105.55,82.62,4.220875263,5.5,12.66,9615.52
2024-06-16,27.27,55.17,26.17,41.31,55.61,18.25,105.55,82.62,4.220875263,5.5,12.66,9615.52
2024-06-17,26.98,55.25,26.5,41.76,55.45,18.27,105.32,84.25,4.280885696,5.5,12.75,9536.8
2024-06-18,27.06,55.51,26.56,44.13,56.79,18.38,105.256,85.33,4.222677708,5.5,12.3,9532.27
2024-06-19,27.06,55.51,26.56,44.13,56.79,18.38,105.254,85.07,4.222677708,5.5,12.48,9647.21
2024-06-20,27.14,54.95,26.88,44.17,57.17,18.32,105.588,85.71,4.259431839,5.5,13.28,9721.5
2024-06-21,27.46,54.69,26.42,44.26,57.27,18.79,105.796,85.24,4.255446434,5.5,13.2,9547.61
2024-06-22,27.46,54.69,26.42,44.26,57.27,18.79,105.796,85.24,4.255446434,5.5,13.2,9547.61
2024-06-23,27.46,54.69,26.42,44.26,57.27,18.79,105.796,85.24,4.255446434,5.5,13.2,9547.61
2024-06-24,27.99,55.13,26.72,43.98,57.6,18.87,105.473,86.00999,4.232144356,5.5,13.33,9513.25
2024-06-25,27.6,55.18,26.51,43.22,57.1,18.72,105.607,85.00999,4.24761343,5.5,12.84,9422.59
2024-06-26,27.36,55.22,26.52,43.36,56.28,18.66,106.052,85.25,4.329393387,5.5,12.55,9399.31
2024-06-27,27.74,55.8,25.89,42.2,56.21,19.0,105.906,86.39,4.286430359,5.5,12.24,9372.07
2024-06-28,27.33,55.78,25.99,43.32,56.61,19.27,105.866,86.41,4.396079063,5.5,12.44,9455.98
2024-06-29,27.33,55.78,25.99,43.32,56.61,19.27,105.866,86.41,4.396079063,5.5,12.44,9455.98
2024-06-30,27.33,55.78,25.99,43.32,56.61,19.27,105.866,86.41,4.396079063,5.5,12.44,9455.98
2024-07-01,27.14,56.18,26.08,43.18,57.0,19.44,105.901,86.6,4.461290836,5.5,12.22,9482.77
2024-07-02,27.16,56.17,26.43,42.48,56.36,19.44,105.722,86.24,4.431602478,5.5,12.03,9527.16
2024-07-03,28.05,56.41,26.9,43.46,57.74,19.64,105.403,87.34,4.358676434,5.5,12.09,9720.19
2024-07-04,28.05,56.41,26.9,43.46,57.74,19.64,105.13,87.43,4.358676434,5.5,12.26,9734.08
2024-07-05,28.39,56.66,26.44,44.32,57.28,19.85,104.875,86.54,4.278354645,5.5,12.48,9795.24
2024-07-06,28.39,56.66,26.44,44.32,57.28,19.85,104.875,86.54,4.278354645,5.5,12.48,9795.24
2024-07-07,28.39,56.66,26.44,44.32,57.28,19.85,104.875,86.54,4.278354645,5.5,12.48,9795.24
2024-07-08,28.39,56.63,26.23,44.32,58.34,19.87,105.0,85.75,4.278326511,5.5,12.37,9760.01
2024-07-09,28.79,56.85,26.5,44.11,58.98,20.0,105.129,84.66,4.295879364,5.5,12.51,9711.02
2024-07-10,28.82,56.74,26.38,44.37,60.29,20.18,105.048,85.08,4.28412962,5.5,12.85,9743.59
2024-07-11,28.95,56.89,26.94,44.74,60.52,20.29,104.44,85.4,4.210122585,5.5,12.92,9627.95
2024-07-12,29.15,57.07,27.22,45.1,61.75,20.51,104.093,85.03,4.182852745,5.5,12.46,9726.88
2024-07-13,29.15,57.07,27.22,45.1,61.75,20.51,104.093,85.03,4.182852745,5.5,12.46,9726.88
2024-07-14,29.15,57.07,27.22,45.1,61.75,20.51,104.093,85.03,4.182852745,5.5,12.46,9726.88
2024-07-15,29.13,57.16,26.61,44.35,60.51,20.16,104.189,84.85,4.229390621,5.5,13.12,9652.55
2024-07-16,29.19,57.36,26.61,45.07,60.97,20.08,104.27,83.73,4.157603264,5.5,13.19,9505.34
2024-07-17,29.0,57.09,26.25,43.94,59.97,20.13,103.748,85.08,4.157550335,5.5,14.48,9489.6
2024-07-18,28.08,57.15,26.01,43.35,58.34,20.27,104.173,85.11,4.202061176,5.5,15.93,9254.9
2024-07-19,28.0,56.18,25.82,43.27,58.59,20.19,104.396,82.63,4.238913059,5.5,16.52,9179.32
2024-07-20,28.0,56.18,25.82,43.27,58.59,20.19,104.396,82.63,4.238913059,5.5,16.52,9179.32
2024-07-21,28.0,56.18,25.82,43.27,58.59,20.19,104.396,82.63,4.238913059,5.5,16.52,9179.32
2024-07-22,28.25,56.63,26.36,43.87,59.65,20.34,104.314,82.4,4.252538681,5.5,14.91,9090.68
2024-07-23,27.84,55.75,25.99,43.56,58.46,20.24,104.45,81.00999,4.250554562,5.5,14.72,9046.71
2024-07-24,27.54,55.46,25.7,43.27,57.19,20.02,104.391,81.71,4.283779144,5.5,18.04,8976.43
2024-07-25,27.46,55.77,25.39,43.5,56.5,19.94,104.355,82.37,4.240728855,5.5,18.46,9003.52
2024-07-26,27.74,56.82,25.52,43.87,56.62,20.11,104.316,81.13,4.193858147,5.5,16.39,8995.45
2024-07-27,27.74,56.82,25.52,43.87,56.62,20.11,104.316,81.13,4.193858147,5.5,16.39,8995.45
2024-07-28,27.74,56.82,25.52,43.87,56.62,20.11,104.316,81.13,4.193858147,5.5,16.39,8995.45
2024-07-29,27.76,56.84,25.56,43.49,55.85,20.06,104.564,79.78,4.174383163,5.5,16.6,8893.67
2024-07-30,27.61,56.86,25.33,44.14,55.28,19.89,104.554,78.63,4.139441,5.5,17.69,8842.86
2024-07-31,27.77,57.42,25.68,45.51,56.52,20.14,104.096,80.72,4.029609,5.5,16.36,9102.28
2024-08-01,27.37,56.79,25.32,44.5,55.17,20.19,104.421,79.52,3.976005,5.5,18.59,8923.85
2024-08-02,27.18,56.26,25.2,43.89,53.97,20.3,103.208,76.81,3.79037,5.5,23.39,8933.85
2024-08-03,27.18,56.26,25.2,43.89,53.97,20.3,103.208,76.81,3.79037,5.5,23.39,8933.85
2024-08-04,27.18,56.26,25.2,43.89,53.97,20.3,103.208,76.81,3.79037,5.5,23.39,8933.85
2024-08-05,26.87,54.86,25.03,42.72,52.57,19.56,102.689,76.3,3.788363,5.5,38.57,8765.32
2024-08-06,27.47,55.07,24.78,42.59,52.73,19.87,102.969,76.48,3.891889,5.5,27.71,8804.02
2024-08-07,27.88,55.26,24.89,42.64,53.89,20.04,103.197,78.33,3.94305,5.5,27.85,8640.93
2024-08-08,28.41,55.77,25.49,43.85,55.03,20.5,103.209,79.16,3.987691,5.5,23.79,8670.92
2024-08-09,29.18,55.79,25.45,44.15,55.65,20.48,103.135,79.66,3.93979,5.5,20.37,8747.28
2024-08-10,29.18,55.79,25.45,44.15,55.65,20.48,103.135,79.66,3.93979,5.5,20.37,8747.28
2024-08-11,29.18,55.79,25.45,44.15,55.65,20.48,103.135,79.66,3.93979,5.5,20.37,8747.28
2024-08-12,29.43,55.67,25.65,43.91,54.83,20.56,103.139,82.3,3.903534,5.5,20.71,8908.18
2024-08-13,29.96,55.53,25.8,44.82,55.82,21.0,102.559,80.68999,3.842757,5.5,18.12,8847.41
2024-08-14,30.0,55.37,25.32,45.27,56.37,21.3,102.568,79.75999,3.835184,5.5,16.19,8863.8
2024-08-15,30.11,55.87,25.84,46.0,57.45,21.16,102.977,81.04,3.913059,5.5,15.23,9050.88
2024-08-16,30.24,56.37,26.36,46.9,57.29,21.31,102.463,79.68,3.882560015,5.5,14.8,9006.25
2024-08-17,30.24,56.37,26.36,46.9,57.29,21.31,102.463,79.68,3.882560015,5.5,14.8,9006.25
2024-08-18,30.24,56.37,26.36,46.9,57.29,21.31,102.463,79.68,3.882560015,5.5,14.8,9006.25
2024-08-19,30.93,56.49,26.6,47.93,57.05,21.51,101.886,77.66,3.871137619,5.5,14.65,9142.64
2024-08-20,30.55,56.59,26.0,47.28,56.01,21.89,101.441,77.2,3.80667758,5.5,15.88,9085.84
2024-08-21,30.59,56.92,26.27,47.54,54.99,21.96,101.039,76.05,3.800982475,5.5,16.27,9136.11
2024-08-22,29.76,56.78,26.07,46.38,54.1,21.29,101.508,77.22,3.852095604,5.5,17.55,9010.28
2024-08-23,30.44,57.08,26.48,47.79,55.43,22.02,100.718,79.02,3.79898262,5.5,15.86,9173.38
2024-08-24,30.44,57.08,26.48,47.79,55.43,22.02,100.718,79.02,3.79898262,5.5,15.86,9173.38
2024-08-25,30.44,57.08,26.48,47.79,55.43,22.02,100.718,79.02,3.79898262,5.5,15.86,9173.38
2024-08-26,30.7,57.19,26.27,47.55,54.14,21.99,100.851,81.43,3.815985918,5.5,16.15,9173.38
2024-08-27,30.65,57.17,26.56,47.85,52.61,21.89,100.552,79.55,3.821646452,5.5,15.43,9326.52
2024-08-28,30.54,57.15,26.14,47.08,52.75,22.06,101.094,78.65,3.834903002,5.5,17.11,9129.97
2024-08-29,29.86,57.27,26.33,47.31,52.84,21.85,101.343,79.93999,3.861497879,5.5,15.65,9125.64
2024-08-30,29.87,57.72,26.46,46.96,53.04,21.77,101.698,78.8,3.903443813,5.5,15.0,9118.14
2024-08-31,29.87,57.72,26.46,46.96,53.04,21.77,101.698,78.8,3.903443813,5.5,15.0,9118.14
2024-09-01,29.87,57.72,26.46,46.96,53.04,21.77,101.698,78.8,3.903443813,5.5,15.0,9118.14
2024-09-02,29.87,57.72,26.46,46.96,53.04,21.77,101.653,77.52,3.903443575,5.5,15.55,9057.34
2024-09-03,29.38,57.28,26.0,45.49,52.05,21.59,101.825,73.75,3.830988884,5.5,20.72,8829.85
2024-09-04,29.58,57.55,25.98,45.64,52.15,21.85,101.358,72.7,3.755230427,5.5,21.32,8836.82
2024-09-05,29.95,57.24,25.85,46.25,52.01,22.02,101.107,72.68999,3.726927996,5.5,19.9,8978.71
2024-09-06,29.36,56.51,25.5,45.38,51.42,21.95,101.177,71.06,3.707987785,5.5,22.38,8875.52
2024-09-07,29.36,56.51,25.5,45.38,51.42,21.95,101.177,71.06,3.707987785,5.5,22.38,8875.52
2024-09-08,29.36,56.51,25.5,45.38,51.42,21.95,101.177,71.06,3.707987785,5.5,22.38,8875.52
2024-09-09,29.47,56.95,25.52,45.62,51.74,21.94,101.552,71.84,3.700424194,5.5,19.45,8972.42
2024-09-10,29.01,57.04,25.46,45.49,51.01,22.04,101.63,69.18999,3.642284393,5.5,19.08,8898.81
2024-09-11,29.2,57.125,25.72,45.78,52.13,22.14,101.684,70.61,3.653445005,5.5,17.69,8964.78
2024-09-12,29.28,57.76,25.71,46.25,53.77,22.3,101.366,71.97,3.67399478,5.5,17.07,9095.69
2024-09-13,29.65,57.85,25.86,46.37,54.38,22.33,101.114,71.61,3.651341677,5.5,16.56,9189.17
2024-09-14,29.65,57.85,25.86,46.37,54.38,22.33,101.114,71.61,3.651341677,5.5,16.56,9189.17
2024-09-15,29.65,57.85,25.86,46.37,54.38,22.33,101.114,71.61,3.651341677,5.5,16.56,9189.17
2024-09-16,30.0,58.13,26.01,46.77,54.56,22.42,100.763,72.75,3.617626429,5.5,17.14,9264.82
2024-09-17,30.18,57.96,26.34,47.2,55.03,22.65,100.894,73.7,3.64560771,5.5,17.61,9237.63
2024-09-18,30.03,57.66,26.19,47.22,54.67,22.76,100.596,73.65,3.703765631,5.0,18.23,9266.06
2024-09-19,30.11,58.11,27.13,48.14,55.11,23.32,100.614,74.88,3.713142395,5.0,16.33,9388.22
2024-09-20,29.19,58.74,27.15,48.45,53.98,23.19,100.723,74.49,3.741349459,5.0,16.15,9346.45
2024-09-21,29.19,58.74,27.15,48.45,53.98,23.19,100.723,74.49,3.741349459,5.0,16.15,9346.45
2024-09-22,29.19,58.74,27.15,48.45,53.98,23.19,100.723,74.49,3.741349459,5.0,16.15,9346.45
2024-09-23,28.99,59.16,27.68,49.41,54.25,23.41,100.851,73.9,3.748883963,5.0,15.89,9413.08
2024-09-24,29.7,58.89,30.4,50.68,55.68,23.57,100.466,75.17,3.728035927,5.0,15.39,9665.31
2024-09-25,29.5,58.94,29.56,50.21,54.29,23.19,100.912,73.46,3.784869432,5.0,15.41,9677.64
2024-09-26,29.72,59.2,31.92,51.47,54.89,23.2,100.562,71.6,3.796257257,5.0,15.37,9944.84
2024-09-27,29.73,59.13,32.17,51.55,53.96,23.01,100.381,71.98,3.750571012,5.0,16.96,9846.53
2024-09-28,29.73,59.13,32.17,51.55,53.96,23.01,100.381,71.98,3.750571012,5.0,16.96,9846.53
2024-09-29,29.73,59.13,32.17,51.55,53.96,23.01,100.381,71.98,3.750571012,5.0,16.96,9846.53
2024-09-30,29.49,58.53,31.78,50.4,53.71,22.5,100.779,71.77,3.780930996,5.0,16.73,9692.01
2024-10-01,29.51,58.18,33.1,50.16,53.75,22.66,101.194,73.56,3.731547356,5.0,19.26,9840.22
2024-10-02,29.77,58.01,35.48,50.39,54.41,22.31,101.677,73.9,3.780876875,5.0,18.9,9943.34
2024-10-03,29.22,57.33,34.5,49.76,53.95,22.06,101.989,77.62,3.845775843,5.0,20.49,9717.92
2024-10-04,29.41,57.1,35.71,49.8,55.47,21.58,102.52,78.05,3.967201233,5.0,19.21,9796.41
2024-10-05,29.41,57.1,35.71,49.8,55.47,21.58,102.52,78.05,3.967201233,5.0,19.21,9796.41
2024-10-06,29.41,57.1,35.71,49.8,55.47,21.58,102.52,78.05,3.967201233,5.0,19.21,9796.41
2024-10-07,29.22,56.07,36.69,49.68,54.57,21.41,102.537,80.93,4.025567532,5.0,22.64,9777.73
2024-10-08,28.97,57.08,33.33,49.0,54.2,21.83,102.549,77.18,4.011949062,5.0,21.42,9594.57
2024-10-09,28.36,57.34,32.79,48.71,53.99,21.76,102.928,76.58,4.072561741,5.0,20.86,9529.83
2024-10-10,28.51,57.1,33.22,49.29,54.49,21.65,102.988,79.4,4.060844898,5.0,20.93,9582.86
2024-10-11,28.32,57.19,33.37,50.06,55.07,21.9,102.89,79.04,4.100269794,5.0,20.46,9650.49
2024-10-12,28.32,57.19,33.37,50.06,55.07,21.9,102.89,79.04,4.100269794,5.0,20.46,9650.49
2024-10-13,28.32,57.19,33.37,50.06,55.07,21.9,102.89,79.04,4.100269794,5.0,20.46,9650.49
2024-10-14,28.95,57.32,32.74,49.57,54.29,21.96,103.298,77.46,4.100269794,5.0,19.7,9526.48
2024-10-15,28.4,57.0,31.1,49.08,53.79,22.11,103.261,74.25,4.031665802,5.0,20.64,9386.71
2024-10-16,28.45,57.05,31.65,49.72,53.34,22.2,103.59,74.22,4.012160301,5.0,19.58,9418.77
2024-10-17,28.39,56.34,30.85,49.7,53.58,22.48,103.825,74.45,4.090571404,5.0,19.11,9384.92
2024-10-18,28.2,56.56,32.17,50.54,54.0,22.56,103.493,73.06,4.082837105,5.0,18.03,9503.03
2024-10-19,28.2,56.56,32.17,50.54,54.0,22.56,103.493,73.06,4.082837105,5.0,18.03,9503.03
2024-10-20,28.2,56.56,32.17,50.54,54.0,22.56,103.493,73.06,4.082837105,5.0,18.03,9503.03
2024-10-21,28.17,56.18,31.74,50.41,53.51,22.47,104.012,74.29,4.195613861,5.0,18.37,9420.76
2024-10-22,28.1,55.59,31.99,50.58,53.23,22.38,104.075,76.04,4.207623005,5.0,18.2,9437.8
2024-10-23,28.01,55.46,31.92,49.45,53.32,22.24,104.431,74.96,4.245603085,5.0,19.24,9376.54
2024-10-24,28.34,55.41,31.73,50.16,52.99,22.15,104.058,74.38,4.211752892,5.0,19.08,9367.42
2024-10-25,28.13,54.71,31.72,49.68,52.58,21.9,104.257,76.05,4.239929199,5.0,20.33,9469.4
2024-10-26,28.13,54.71,31.72,49.68,52.58,21.9,104.257,76.05,4.239929199,5.0,20.33,9469.4
2024-10-27,28.13,54.71,31.72,49.68,52.58,21.9,104.257,76.05,4.239929199,5.0,20.33,9469.4
2024-10-28,28.54,55.17,32.27,50.24,52.58,21.73,104.316,71.42,4.282090187,5.0,19.8,9396.98
2024-10-29,28.21,55.24,32.04,50.14,51.89,21.54,104.316,71.12,4.254101753,5.0,19.34,9388.04
2024-10-30,28.18,54.99,31.63,49.68,51.53,21.55,103.994,72.55,4.300365448,5.0,20.35,9398.03
2024-10-31,27.78,54.82,31.56,49.36,51.92,21.46,103.976,73.16,4.284371376,5.0,23.16,9373.55
2024-11-01,27.01,54.86,31.68,49.45,51.11,21.1,104.282,73.1,4.383645535,5.0,21.88,9444.83
2024-11-02,27.01,54.86,31.68,49.45,51.11,21.1,104.282,73.1,4.383645535,5.0,21.88,9444.83
2024-11-03,27.01,54.86,31.68,49.45,51.11,21.1,104.282,73.1,4.383645535,5.0,21.88,9444.83
2024-11-04,27.8,54.3,31.87,49.77,51.79,21.16,103.885,75.08,4.284738064,5.0,21.98,9568.39
2024-11-05,28.09,54.75,32.64,50.68,51.73,21.4,103.423,75.53,4.270756245,5.0,20.49,9598.02
2024-11-06,28.33,55.14,31.68,49.41,52.33,20.82,105.088,74.92,4.431458473,5.0,16.27,9199.57
2024-11-07,28.25,54.94,33.42,50.57,53.7,20.85,104.508,75.63,4.32571125,4.75,15.2,9527.11
2024-11-08,27.71,54.36,31.47,49.01,52.19,20.64,104.997,73.87,4.304301262,4.75,14.94,9302.37
2024-11-09,27.71,54.36,31.47,49.01,52.19,20.64,104.997,73.87,4.304301262,4.75,14.94,9302.37
2024-11-10,27.71,54.36,31.47,49.01,52.19,20.64,104.997,73.87,4.304301262,4.75,14.94,9302.37
2024-11-11,27.71,54.54,31.47,47.68,51.51,20.37,105.543,71.83,4.304301262,4.75,14.97,9187.46
2024-11-12,27.69,53.81,30.31,47.02,50.58,20.43,106.024,71.89,4.427522659,4.75,14.71,9002.18
2024-11-13,27.53,53.27,30.27,46.33,50.42,20.43,106.481,72.28,4.451159477,4.75,14.02,8908.61
2024-11-14,27.41,53.4,29.95,46.26,50.45,20.0,106.673,72.56,4.435395718,4.75,14.31,8861.99
2024-11-15,27.3,53.02,30.15,46.4,50.48,19.97,106.687,71.04,4.439412594,4.75,16.14,8881.89
2024-11-16,27.3,53.02,30.15,46.4,50.48,19.97,106.687,71.04,4.439412594,4.75,16.14,8881.89
2024-11-17,27.3,53.02,30.15,46.4,50.48,19.97,106.687,71.04,4.439412594,4.75,16.14,8881.89
2024-11-18,27.39,53.27,30.72,47.64,50.97,20.0,106.275,73.3,4.413842201,4.75,15.58,8954.64
2024-11-19,27.28,53.57,30.39,47.43,50.93,20.11,106.206,73.31,4.396174908,4.75,16.35,8966.59
2024-11-20,27.16,53.63,30.53,47.45,50.29,19.95,106.68,72.81,4.409950256,4.75,17.16,8968.02
2024-11-21,26.92,53.19,30.35,48.09,50.1,19.86,106.972,74.23,4.421780586,4.75,16.87,8885.11
2024-11-22,27.51,54.23,29.69,47.88,50.13,19.98,107.554,75.17,4.400196552,4.75,15.24,8848.01
2024-11-23,27.51,54.23,29.69,47.88,50.13,19.98,107.554,75.17,4.400196552,4.75,15.24,8848.01
2024-11-24,27.51,54.23,29.69,47.88,50.13,19.98,107.554,75.17,4.400196552,4.75,15.24,8848.01
2024-11-25,27.42,54.88,29.7,47.24,50.29,20.34,106.817,73.01,4.273135185,4.75,14.6,8923.43
2024-11-26,27.46,54.71,29.52,47.26,48.95,20.09,107.013,72.81,4.306221962,4.75,14.1,8884.13
2024-11-27,26.46,54.89,30.31,46.84,49.14,20.15,106.084,72.83,4.263392925,4.75,14.1,8901.72
2024-11-28,26.46,54.89,30.31,46.84,49.14,20.15,106.048,73.28,4.263392925,4.75,13.9,8884.35
2024-11-29,25.52,54.78,30.31,47.45,50.27,19.89,105.737,72.93999,4.168539047,4.75,13.51,8891.85
2024-11-30,25.52,54.78,30.31,47.45,50.27,19.89,105.737,72.93999,4.168539047,4.75,13.51,8891.85
2024-12-01,25.52,54.78,30.31,47.45,50.27,19.89,105.737,72.93999,4.168539047,4.75,13.51,8891.85
2024-12-02,25.24,54.87,30.37,47.46,50.35,19.62,106.446,71.83,4.189725876,4.75,13.34,8874.13
2024-12-03,25.4,55.08,30.5,47.46,50.88,20.0,106.365,73.62,4.224520206,4.75,13.3,9010.21
2024-12-04,25.45,55.17,30.28,47.75,51.35,20.35,106.321,72.31,4.180021286,4.75,13.45,8969.99
2024-12-05,25.88,55.78,30.37,48.48,52.08,20.39,105.714,72.09,4.176134109,4.75,13.54,8961.83
2024-12-06,25.27,55.67,30.77,48.35,51.7,20.4,106.055,71.12,4.152906418,4.75,12.77,9011.91
2024-12-07,25.27,55.67,30.77,48.35,51.7,20.4,106.055,71.12,4.152906418,4.75,12.77,9011.91
2024-12-08,25.27,55.67,30.77,48.35,51.7,20.4,106.055,71.12,4.152906418,4.75,12.77,9011.91
2024-12-09,25.53,55.55,33.3,49.23,52.5,20.68,106.145,72.14,4.201159954,4.75,14.19,9118.98
2024-12-10,25.81,55.51,31.78,49.22,51.96,20.7,106.399,72.18999,4.226340771,4.75,14.18,9101.04
2024-12-11,26.51,55.72,31.48,49.56,52.04,20.55,106.71,73.52,4.271072865,4.75,13.58,9074.07
2024-12-12,25.73,55.3,31.5,48.97,51.47,20.18,106.956,73.41,4.327774525,4.75,13.92,8972.62
2024-12-13,25.25,55.56,31.1,49.02,52.43,19.86,107.003,74.49,4.396690845,4.75,13.81,8940.53
2024-12-14,25.25,55.56,31.1,49.02,52.43,19.86,107.003,74.49,4.396690845,4.75,13.81,8940.53
2024-12-15,25.25,55.56,31.1,49.02,52.43,19.86,107.003,74.49,4.396690845,4.75,13.81,8940.53
2024-12-16,24.7,55.55,30.59,48.97,51.42,19.77,106.858,73.91,4.396713734,4.75,14.69,8942.47
2024-12-17,24.0,54.57,30.67,45.28,49.62,19.12,106.956,73.18999,4.398712158,4.75,15.87,8868.97
2024-12-18,22.4,53.59,30.05,43.32,48.45,18.48,108.027,73.39,4.514008045,4.5,27.62,8909.54
2024-12-19,22.83,53.77,30.24,43.42,47.96,18.16,108.408,72.88,4.562138081,4.5,24.09,8770.41
2024-12-20,23.09,53.42,30.42,43.71,48.87,18.44,107.621,72.93999,4.522208691,4.5,18.36,8832.85
2024-12-21,23.09,53.42,30.42,43.71,48.87,18.44,107.621,72.93999,4.522208691,4.5,18.36,8832.85
2024-12-22,23.09,53.42,30.42,43.71,48.87,18.44,107.621,72.93999,4.522208691,4.5,18.36,8832.85
2024-12-23,22.62,53.27,30.7,43.37,48.26,18.65,108.037,72.63,4.586523533,4.5,16.78,8801.52
2024-12-24,22.76,53.39,31.09,43.24,48.41,18.61,108.257,73.58,4.588671207,4.5,14.27,8845.82
2024-12-25,22.76,53.39,31.09,43.24,48.41,18.61,108.257,73.58,4.588671207,4.5,14.27,8845.82
2024-12-26,22.72,53.25,31.12,42.85,48.42,18.66,108.129,73.26,4.582691193,4.5,14.73,8845.82
2024-12-27,22.56,53.1,30.85,42.8,47.99,18.6,107.998,74.17,4.625316143,4.5,15.95,8871.92
2024-12-28,22.56,53.1,30.85,42.8,47.99,18.6,107.998,74.17,4.625316143,4.5,15.95,8871.92
2024-12-29,22.56,53.1,30.85,42.8,47.99,18.6,107.998,74.17,4.625316143,4.5,15.95,8871.92
2024-12-30,22.61,52.65,30.49,42.15,46.69,18.53,108.13,74.39,4.5326581,4.5,17.4,8794.85
2024-12-31,22.51,52.64,30.44,41.91,46.82,18.48,108.487,74.64,4.568975925,4.5,17.35,8652.67
2025-01-01,22.51,52.64,30.44,41.91,46.82,18.48,108.487,74.64,4.568975925,4.5,17.35,8652.67
2025-01-02,22.71,53.4,29.89,42.33,47.72,18.77,109.394,75.93,4.55896759,4.5,17.93,8691.69
2025-01-03,22.45,53.37,30.39,42.78,46.84,18.99,108.952,76.50999,4.597505093,4.5,16.13,8767.96
2025-01-04,22.45,53.37,30.39,42.78,46.84,18.99,108.952,76.50999,4.597505093,4.5,16.13,8767.96
2025-01-05,22.45,53.37,30.39,42.78,46.84,18.99,108.952,76.50999,4.597505093,4.5,16.13,8767.96
2025-01-06,22.84,52.64,29.99,42.43,48.01,18.66,108.257,76.3,4.629986763,4.5,16.04,8887.1
2025-01-07,23.18,52.43,29.62,41.97,48.56,18.38,108.542,77.05,4.684997082,4.5,17.82,8886.89
2025-01-08,22.87,52.33,29.51,41.7,47.93,18.36,109.09,76.16,4.689169407,4.5,17.7,8917.34
2025-01-09,22.87,52.33,29.51,41.7,47.93,18.36,109.179,76.92,4.689261913,4.5,18.07,8971.57
2025-01-10,22.69,51.21,28.65,41.13,47.14,18.25,109.65,79.75999,4.759225368,4.5,19.54,8991.86
2025-01-11,22.69,51.21,28.65,41.13,47.14,18.25,109.65,79.75999,4.759225368,4.5,19.54,8991.86
2025-01-12,22.69,51.21,28.65,41.13,47.14,18.25,109.65,79.75999,4.759225368,4.5,19.54,8991.86
2025-01-13,22.81,50.65,28.79,40.83,47.46,18.22,109.956,81.00999,4.777861118,4.5,19.19,8978.84
2025-01-14,22.97,50.93,29.42,41.18,47.94,18.0,109.273,79.92,4.792410374,4.5,18.71,9033.7
2025-01-15,23.78,51.28,29.82,42.42,48.54,18.5,109.09,82.03,4.65308857,4.5,16.12,9053.38
2025-01-16,23.37,51.05,29.83,42.03,47.4,18.36,108.957,81.29,4.612500668,4.5,16.6,9123.09
2025-01-17,23.55,51.18,30.41,42.67,47.47,18.5,109.347,80.79,4.627040863,4.5,15.97,9081.89
2025-01-18,23.55,51.18,30.41,42.67,47.47,18.5,109.347,80.79,4.627040863,4.5,15.97,9081.89
2025-01-19,23.55,51.18,30.41,42.67,47.47,18.5,109.347,80.79,4.627040863,4.5,15.97,9081.89
2025-01-20,23.55,51.18,30.41,42.67,47.47,18.5,109.347,80.15,4.627040863,4.5,15.81,9163.02
2025-01-21,23.84,50.83,30.75,43.55,48.37,18.69,108.062,79.29,4.576372623,4.5,15.06,9168.88
2025-01-22,24.18,50.62,30.53,43.37,49.25,18.81,108.167,79.0,4.610933304,4.5,15.1,9105.45
2025-01-23,24.21,51.09,30.56,43.14,49.6,18.85,108.047,78.29,4.643583298,4.5,15.02,9117.75
2025-01-24,24.34,50.68,31.32,43.38,50.06,18.69,107.443,78.5,4.621421814,4.5,14.85,9156.25
2025-01-25,24.34,50.68,31.32,43.38,50.06,18.69,107.443,78.5,4.621421814,4.5,14.85,9156.25
2025-01-26,24.34,50.68,31.32,43.38,50.06,18.69,107.443,78.5,4.621421814,4.5,14.85,9156.25
2025-01-27,24.64,50.09,31.6,42.71,49.29,18.59,107.341,77.08,4.534295082,4.5,17.9,8972.06
2025-01-28,24.78,50.17,31.96,43.16,49.65,18.5,107.866,77.49,4.532336712,4.5,16.41,8861.31
2025-01-29,24.67,50.52,31.83,43.68,49.76,18.49,108.0,76.58,4.528358459,4.5,16.56,8943.8
2025-01-30,25.37,50.95,32.59,44.61,50.02,18.31,107.797,76.87,4.516305923,4.5,15.84,9008.68
2025-01-31,25.33,50.99,31.89,43.75,48.98,18.3,108.37,76.75999,4.538714409,4.5,16.43,8928.47
2025-02-01,25.33,50.99,31.89,43.75,48.98,18.3,108.37,76.75999,4.538714409,4.5,16.43,8928.47
2025-02-02,25.33,50.99,31.89,43.75,48.98,18.3,108.37,76.75999,4.538714409,4.5,16.43,8928.47
2025-02-03,25.38,50.9,31.72,43.76,50.2,18.19,108.99,75.96,4.554981232,4.5,18.62,8978.57
2025-02-04,25.45,51.43,32.47,44.63,50.14,18.3,107.96,76.2,4.510540962,4.5,17.21,9024.7
2025-02-05,25.43,51.28,31.93,44.84,49.57,18.16,107.579,74.61,4.418113232,4.5,15.77,9114.51
2025-02-06,25.77,50.85,32.28,45.61,50.71,17.58,107.689,74.29,4.434180737,4.5,15.5,9155.36
2025-02-07,25.22,50.5,32.73,45.43,50.68,17.61,108.04,74.66,4.494676113,4.5,16.54,9287.61
2025-02-08,25.22,50.5,32.73,45.43,50.68,17.61,108.04,74.66,4.494676113,4.5,16.54,9287.61
2025-02-09,25.22,50.5,32.73,45.43,50.68,17.61,108.04,74.66,4.494676113,4.5,16.54,9287.61
2025-02-10,25.58,50.58,33.62,46.05,50.76,17.5,108.319,75.87,4.496750355,4.5,15.81,9330.01
2025-02-11,25.79,50.14,33.34,45.66,51.28,17.3,107.963,77.0,4.535243988,4.5,16.02,9239.16
2025-02-12,25.34,49.8,34.17,45.88,51.91,17.47,107.938,75.18,4.620791,4.5,15.89,9344.29
2025-02-13,25.46,50.39,34.16,46.08,52.38,17.6,107.313,75.02,4.528831482,4.5,15.1,9434.88
2025-02-14,26.37,49.59,35.04,46.21,52.67,17.67,106.71,74.74,4.476243496,4.5,14.77,9490.43
2025-02-15,26.37,49.59,35.04,46.21,52.67,17.67,106.71,74.74,4.476243496,4.5,14.77,9490.43
2025-02-16,26.37,49.59,35.04,46.21,52.67,17.67,106.71,74.74,4.476243496,4.5,14.77,9490.43
2025-02-17,26.37,49.59,35.04,46.21,52.67,17.67,106.575,75.22,4.476243496,4.5,15.37,9321.0
2025-02-18,26.39,49.58,35.3,46.73,53.22,18.15,107.054,75.84,4.550298214,4.5,15.35,9401.15
2025-02-19,26.09,49.76,35.05,46.22,52.25,17.79,107.173,76.04,4.532662868,4.5,15.27,9425.91
2025-02-20,26.2,50.08,35.73,46.83,52.86,17.84,106.372,76.48,4.505297661,4.5,15.66,9532.1
2025-02-21,25.47,49.3,36.24,46.58,51.99,17.6,106.612,74.43,4.431303024,4.5,18.21,9518.84
2025-02-22,25.47,49.3,36.24,46.58,51.99,17.6,106.612,74.43,4.431303024,4.5,18.21,9518.84
2025-02-23,25.47,49.3,36.24,46.58,51.99,17.6,106.612,74.43,4.431303024,4.5,18.21,9518.84
2025-02-24,25.06,49.26,35.03,46.06,51.67,17.57,106.596,74.78,4.400291443,4.5,18.98,9489.49
2025-02-25,25.28,49.25,35.38,46.13,51.05,17.15,106.308,73.02,4.294490337,4.5,19.43,9363.85
2025-02-26,24.88,49.02,36.44,46.1,51.49,16.98,106.416,72.53,4.256207466,4.5,19.1,9448.27
2025-02-27,24.71,48.55,36.05,45.21,50.59,16.41,107.244,74.04,4.259926796,4.5,21.13,9381.31
2025-02-28,24.11,48.1,35.23,44.4,50.52,15.96,107.614,73.18,4.208237648,4.5,19.63,9338.06
2025-03-01,24.11,48.1,35.23,44.4,50.52,15.96,107.614,73.18,4.208237648,4.5,19.63,9338.06
2025-03-02,24.11,48.1,35.23,44.4,50.52,15.96,107.614,73.18,4.208237648,4.5,19.63,9338.06
2025-03-03,24.14,47.8,34.51,44.54,49.85,16.66,106.747,71.62,4.155074596,4.5,22.78,9394.28
2025-03-04,23.91,47.85,35.04,45.07,50.02,16.46,105.743,71.04,4.244193554,4.5,23.51,9328.39
2025-03-05,24.58,48.93,36.79,46.39,51.03,17.05,104.276,69.3,4.278481007,4.5,21.93,9586.92
2025-03-06,24.57,48.94,36.97,46.57,51.45,17.12,104.062,69.46,4.278391838,4.5,24.87,9747.77
2025-03-07,24.82,49.08,36.96,46.84,51.53,17.1,103.838,70.36,4.301130295,4.5,23.37,9608.63
2025-03-08,24.82,49.08,36.96,46.84,51.53,17.1,103.838,70.36,4.301130295,4.5,23.37,9608.63
2025-03-09,24.82,49.08,36.96,46.84,51.53,17.1,103.838,70.36,4.301130295,4.5,23.37,9608.63
2025-03-10,24.3,48.36,35.97,45.77,50.16,16.69,103.9,69.28,4.213112831,4.5,27.86,9510.04
2025-03-11,24.38,48.66,36.39,46.31,50.25,16.46,103.419,69.56,4.279864311,4.5,26.92,9639.18
2025-03-12,24.48,48.73,36.35,45.97,50.98,16.87,103.612,70.95,4.312408924,4.5,24.23,9751.6
2025-03-13,24.8,48.51,36.59,45.86,51.19,16.73,103.828,69.88,4.268192768,4.5,24.66,9751.09
2025-03-14,25.84,48.91,37.66,47.0,52.36,16.57,103.718,70.58,4.312087059,4.5,21.77,9731.86
2025-03-15,25.84,48.91,37.66,47.0,52.36,16.57,103.718,70.58,4.312087059,4.5,21.77,9731.86
2025-03-16,25.84,48.91,37.66,47.0,52.36,16.57,103.718,70.58,4.312087059,4.5,21.77,9731.86
2025-03-17,26.45,49.44,38.55,47.74,53.28,16.62,103.37,71.07,4.298542976,4.5,20.51,9799.28
2025-03-18,26.57,49.88,38.49,47.69,52.41,15.74,103.244,70.56,4.283090591,4.5,21.7,9852.83
2025-03-19,26.94,50.61,38.33,48.77,52.42,15.95,103.428,70.78,4.242756844,4.5,19.9,9951.83
2025-03-20,26.58,50.76,37.23,48.03,52.26,15.91,103.851,72.0,4.236923695,4.5,19.8,9885.36
2025-03-21,26.57,51.47,36.56,47.6,51.7,15.62,104.088,72.16,4.246208668,4.5,19.28,9813.48
2025-03-22,26.57,51.47,36.56,47.6,51.7,15.62,104.088,72.16,4.246208668,4.5,19.28,9813.48
2025-03-23,26.57,51.47,36.56,47.6,51.7,15.62,104.088,72.16,4.246208668,4.5,19.28,9813.48
2025-03-24,26.19,52.12,36.67,47.71,52.04,15.34,104.262,73.0,4.334606171,4.5,17.48,9916.45
2025-03-25,26.42,52.04,36.3,47.93,52.59,15.72,104.184,73.02,4.313299179,4.5,17.15,10091.54
2025-03-26,26.3,51.4,36.27,48.16,52.01,16.31,104.547,73.79,4.351866245,4.5,18.33,9883.22
2025-03-27,26.33,51.79,36.68,48.21,52.15,16.42,104.335,74.03,4.359544277,4.5,18.69,9800.17
2025-03-28,25.96,51.28,35.84,47.6,51.62,16.37,104.044,73.63,4.249394417,4.5,21.65,9749.69
2025-03-29,25.96,51.28,35.84,47.6,51.62,16.37,104.044,73.63,4.249394417,4.5,21.65,9749.69
2025-03-30,25.96,51.28,35.84,47.6,51.62,16.37,104.044,73.63,4.249394417,4.5,21.65,9749.69
2025-03-31,25.85,51.48,35.84,48.13,50.96,16.3,104.21,74.74,4.205250263,4.5,22.28,9658.68
2025-04-01,26.14,51.05,35.76,48.1,52.05,16.25,104.26,74.49,4.168887615,4.5,21.77,9650.69
2025-04-02,26.14,51.56,35.54,46.65,52.16,16.33,103.807,74.95,4.130734444,4.5,21.51,9653.73
2025-04-03,26.33,51.18,35.22,44.88,54.26,15.88,102.072,70.14,4.028552532,4.5,30.02,9319.27
2025-04-04,24.5,49.19,32.74,41.29,49.92,15.09,103.023,65.58,3.994307995,4.5,45.31,8717.08
2025-04-05,24.5,49.19,32.74,41.29,49.92,15.09,103.023,65.58,3.994307995,4.5,45.31,8717.08
2025-04-06,24.5,49.19,32.74,41.29,49.92,15.09,103.023,65.58,3.994307995,4.5,45.31,8717.08
2025-04-07,23.95,49.13,30.0,40.77,48.52,15.15,103.256,64.21,4.183508396,4.5,46.98,8693.73
2025-04-08,23.44,49.16,29.59,40.54,48.06,14.36,102.955,62.82,4.292889118,4.5,52.33,8621.34
2025-04-09,24.71,51.22,31.68,44.27,51.86,15.56,102.9,65.48,4.331502438,4.5,33.62,8571.37
2025-04-10,24.19,50.52,31.56,43.94,50.3,15.45,100.867,63.33,4.424895287,4.5,40.72,9003.54
2025-04-11,24.69,50.76,32.94,45.62,50.68,15.87,100.102,64.76,4.489522934,4.5,37.56,9191.89
2025-04-12,24.69,50.76,32.94,45.62,50.68,15.87,100.102,64.76,4.489522934,4.5,37.56,9191.89
2025-04-13,24.69,50.76,32.94,45.62,50.68,15.87,100.102,64.76,4.489522934,4.5,37.56,9191.89
2025-04-14,25.01,51.03,33.37,47.22,51.91,16.09,99.64001,64.88,4.37391758,4.5,30.89,9156.99
2025-04-15,24.86,51.13,33.18,47.1,52.19,16.14,100.215,64.67,4.333013058,4.5,30.12,9119.26
2025-04-16,24.79,51.13,32.42,47.43,53.02,15.93,99.38,65.85,4.276785374,4.5,32.64,9171.28
2025-04-17,25.22,52.26,32.4,47.9,54.93,16.13,99.37601,67.96,4.324890614,4.5,29.65,9160.97
2025-04-18,25.22,52.26,32.4,47.9,54.93,16.13,99.23,67.96,4.324890614,4.5,29.65,9160.97
2025-04-19,25.22,52.26,32.4,47.9,54.93,16.13,99.23,67.96,4.324890614,4.5,29.65,9160.97
2025-04-20,25.22,52.26,32.4,47.9,54.93,16.13,99.23,67.96,4.324890614,4.5,29.65,9160.97
2025-04-21,25.2,53.0,32.43,47.6,54.34,16.03,98.27801,66.26,4.410625458,4.5,33.82,9160.97
2025-04-22,25.86,53.5,33.46,48.16,55.51,16.36,98.91801,67.43999,4.400785446,4.5,30.57,9352.47
2025-04-23,26.31,53.18,33.83,47.55,56.51,16.61,99.844,66.12,4.381177902,4.5,28.45,9363.38
2025-04-24,26.74,53.74,34.11,47.96,57.34,16.76,99.37701,66.55,4.314891338,4.5,26.47,9398.93
2025-04-25,26.94,52.85,33.98,48.38,57.94,16.77,99.47101,66.87,4.235299587,4.5,24.84,9376.41
2025-04-26,26.94,52.85,33.98,48.38,57.94,16.77,99.47101,66.87,4.235299587,4.5,24.84,9376.41
2025-04-27,26.94,52.85,33.98,48.38,57.94,16.77,99.47101,66.87,4.235299587,4.5,24.84,9376.41
2025-04-28,27.21,53.29,34.0,49.09,58.12,16.93,99.01,65.86,4.208235264,4.5,25.15,9406.6
2025-04-29,27.36,53.54,33.8,49.14,56.42,17.1,99.23701,64.25,4.171631813,4.5,24.17,9430.24
2025-04-30,27.04,53.57,33.86,49.52,56.97,17.31,99.468,63.12,4.161939144,4.5,24.7,9118.2
2025-05-01,26.88,53.54,33.79,49.27,56.67,17.3,100.248,62.13,4.217578411,4.5,24.6,9239.94
2025-05-02,27.12,53.91,34.91,50.19,56.94,17.63,100.03,61.29,4.308328152,4.5,22.68,9385.73
2025-05-03,27.12,53.91,34.91,50.19,56.94,17.63,100.03,61.29,4.308328152,4.5,22.68,9385.73
2025-05-04,27.12,53.91,34.91,50.19,56.94,17.63,100.03,61.29,4.308328152,4.5,22.68,9385.73
2025-05-05,26.71,54.32,34.87,50.44,56.68,17.65,99.831,60.23,4.343332291,4.5,23.64,9385.73
2025-05-06,26.61,53.68,35.27,50.71,58.39,17.74,99.23801,62.15,4.294569016,4.5,24.76,9559.75
2025-05-07,26.4,53.22,34.47,50.23,59.09,17.71,99.61401,61.12,4.269361019,4.5,23.55,9441.15
2025-05-08,27.48,51.54,35.0,49.85,58.11,17.45,100.64,62.84,4.378450871,4.5,22.48,9477.32
2025-05-09,27.56,52.39,34.83,50.64,58.12,17.41,100.339,63.91,4.378450871,4.5,21.9,9494.69
2025-05-10,27.56,52.39,34.83,50.64,58.12,17.41,100.339,63.91,4.378450871,4.5,21.9,9494.69
2025-05-11,27.56,52.39,34.83,50.64,58.12,17.41,100.339,63.91,4.378450871,4.5,21.9,9494.69
2025-05-12,27.49,54.32,36.04,50.19,57.84,17.4,101.788,64.96,4.470897675,4.5,18.39,9544.37
2025-05-13,28.33,54.01,35.74,50.41,59.08,17.54,101.003,66.63,4.464972019,4.5,18.22,9618.67
2025-05-14,28.2,53.97,36.31,50.22,59.36,17.97,101.039,66.09,4.536300182,4.5,18.62,9621.33
2025-05-15,28.01,54.77,35.75,51.09,59.26,18.27,100.879,64.53,4.431482315,4.5,17.83,9616.74
2025-05-16,28.0,54.66,35.64,51.24,59.51,18.39,101.092,65.41,4.476961613,4.5,17.24,9478.95
2025-05-17,28.0,54.66,35.64,51.24,59.51,18.39,101.092,65.41,4.476961613,4.5,17.24,9478.95
2025-05-18,28.0,54.66,35.64,51.24,59.51,18.39,101.092,65.41,4.476961613,4.5,17.24,9478.95
2025-05-19,28.18,54.78,35.86,51.08,60.57,18.74,100.426,65.54,4.447354317,4.5,18.14,9539.02
2025-05-20,28.16,54.07,36.26,51.61,60.53,18.53,100.118,65.38,4.486931801,4.5,18.09,9522.66
2025-05-21,27.67,54.03,36.09,51.45,60.32,18.79,99.55901,64.91,4.598534107,4.5,20.87,9547.51
2025-05-22,27.52,53.79,35.91,51.43,59.83,18.91,99.96001,64.43999,4.528712273,4.5,20.28,9516.38
2025-05-23,27.65,54.58,35.97,52.52,60.67,19.16,99.11201,64.78,4.510988235,4.5,22.29,9641.14
2025-05-24,27.65,54.58,35.97,52.52,60.67,19.16,99.11201,64.78,4.510988235,4.5,22.29,9641.14
2025-05-25,27.65,54.58,35.97,52.52,60.67,19.16,99.11201,64.78,4.510988235,4.5,22.29,9641.14
2025-05-26,27.65,54.58,35.97,52.52,60.67,19.16,98.934,64.74,4.510988235,4.5,20.57,9641.14
2025-05-27,27.99,54.53,35.6,51.91,61.13,19.04,99.521,64.09,4.443632126,4.5,18.96,9636.58
2025-05-28,27.69,54.285,35.24,52.03,60.9,18.91,99.87501,64.9,4.477313519,4.5,19.31,9609.97
2025-05-29,27.7,54.59,35.62,53.05,61.23,18.95,99.27801,64.15,4.418022633,4.5,19.18,9619.57
2025-05-30,27.21,54.31,35.0,52.21,60.17,18.88,99.329,63.9,4.400350094,4.5,18.57,9548.08
2025-05-31,27.21,54.31,35.0,52.21,60.17,18.88,99.329,63.9,4.400350094,4.5,18.57,9548.08
2025-06-01,27.21,54.31,35.0,52.21,60.17,18.88,99.329,63.9,4.400350094,4.5,18.57,9548.08
2025-06-02,27.27,54.54,35.35,53.27,60.64,18.56,98.706,64.63,4.439851284,4.5,18.36,9667.99
2025-06-03,27.58,53.96,35.7,53.13,60.39,18.42,99.22701,65.63,4.453737259,4.5,17.69,9686.31
2025-06-04,27.44,53.92,36.37,53.46,60.25,18.45,98.787,64.86,4.355172634,4.5,17.61,9669.98
2025-06-05,27.6,54.18,36.63,54.03,60.72,18.56,98.741,65.34,4.3905797,4.5,18.48,9832.65
2025-06-06,27.72,54.91,36.59,53.94,61.24,18.51,99.19,66.47,4.50558424,4.5,16.77,9762.84
2025-06-07,27.72,54.91,36.59,53.94,61.24,18.51,99.19,66.47,4.50558424,4.5,16.77,9762.84
2025-06-08,27.72,54.91,36.59,53.94,61.24,18.51,99.19,66.47,4.50558424,4.5,16.77,9762.84
2025-06-09,27.62,55.24,37.06,54.44,61.09,18.59,98.939,67.04,4.473786354,4.5,17.16,9888.78
2025-06-10,27.72,55.26,37.22,54.66,61.36,18.84,99.09801,66.87,4.469849586,4.5,16.95,9840.6
2025-06-11,28.22,55.33,37.41,54.08,61.56,18.91,98.631,69.77,4.420322895,4.5,17.26,9703.49
2025-06-12,28.15,54.8,37.26,54.77,61.57,18.9,97.92101,69.36,4.359200001,4.5,18.02,9787.51
2025-06-13,28.14,54.04,36.58,53.3,61.06,18.62,98.18401,74.23,4.398676872,4.5,20.82,9718.41
2025-06-14,28.14,54.04,36.58,53.3,61.06,18.62,98.18401,74.23,4.398676872,4.5,20.82,9718.41
2025-06-15,28.14,54.04,36.58,53.3,61.06,18.62,98.18401,74.23,4.398676872,4.5,20.82,9718.41
2025-06-16,28.31,54.56,36.67,53.04,59.82,18.01,97.998,73.23,4.446229458,4.5,19.11,9798.59
2025-06-17,28.11,53.83,36.24,51.56,58.91,18.02,98.82001,76.45,4.388844967,4.5,21.6,9791.77
2025-06-18,28.08,53.79,35.75,51.8,58.97,17.87,98.90501,76.7,4.390862465,4.5,20.14,9761.46
2025-06-19,28.08,53.79,35.75,51.8,58.97,17.87,98.90501,78.85,4.390862465,4.5,22.17,9748.36
2025-06-20,27.67,53.9,35.52,51.73,58.11,17.18,98.70701,77.00999,4.375123501,4.5,20.62,9908.49
2025-06-21,27.67,53.9,35.52,51.73,58.11,17.18,98.70701,77.00999,4.375123501,4.5,20.62,9908.49
2025-06-22,27.67,53.9,35.52,51.73,58.11,17.18,98.70701,77.00999,4.375123501,4.5,20.62,9908.49
2025-06-23,27.66,54.31,36.08,52.35,57.94,16.89,98.41601,71.48,4.347535133,4.5,19.83,9947.47
2025-06-24,27.98,54.8,37.1,53.46,59.21,17.38,97.858,67.14,4.294498444,4.5,17.48,9819.85
2025-06-25,27.57,55.0,37.06,52.89,59.68,17.18,97.679,67.68,4.290579796,4.5,16.76,9813.19
2025-06-26,28.13,55.71,37.16,52.98,60.31,17.51,97.147,67.73,4.24169445,4.5,16.59,10219.33
2025-06-27,28.14,55.86,36.81,52.64,60.32,17.49,97.401,67.77,4.276863575,4.5,16.32,10118.67
2025-06-28,28.14,55.86,36.81,52.64,60.32,17.49,97.401,67.77,4.276863575,4.5,16.32,10118.67
2025-06-29,28.14,55.86,36.81,52.64,60.32,17.49,97.401,67.77,4.276863575,4.5,16.32,10118.67
2025-06-30,28.85,55.68,36.76,53.75,60.56,17.63,96.87501,67.61,4.227996826,4.5,16.73,10050.69
2025-07-01,28.79,55.84,36.83,54.21,61.12,17.49,96.81901,67.11,4.241646767,4.5,16.83,10050.3
2025-07-02,28.91,55.6,36.69,54.31,61.59,17.48,96.776,69.11,4.276859283,4.5,16.64,10109.2
2025-07-03,29.31,55.79,36.27,54.79,61.7,17.47,97.18001,68.8,4.345741272,4.5,16.38,10042.11
2025-07-04,29.31,55.79,36.27,54.79,61.7,17.47,97.18001,68.3,4.345741272,4.5,17.48,9959.85
2025-07-05,29.31,55.79,36.27,54.79,61.7,17.47,97.18001,68.3,4.345741272,4.5,17.48,9959.85
2025-07-06,29.31,55.79,36.27,54.79,61.7,17.47,97.18001,68.3,4.345741272,4.5,17.48,9959.85
2025-07-07,28.6,55.36,36.31,53.84,61.11,17.34,97.48,69.58,4.379384995,4.5,17.79,9909.3
2025-07-08,28.71500015258789,55.689998626708984,36.69499969482422,53.95000076293945,61.01499938964844,17.315000534057617,97.5199966430664,70.13999938964844,4.413150787353516,4.5,16.77,9909.3
